Event Index,UTC Timestamp,UTC Date,Local Timestamp,Local Timezone,Local Date,Experiment ID,Experiment Version,Tree Node Key,Repeat Key,Schedule ID,Participant Public ID,Participant Private ID,Participant Starting Group,Participant Status,Participant Completion Code,Participant External Session ID,Participant Device Type,Participant Device,Participant OS,Participant Browser,Participant Monitor Size,Participant Viewport Size,Checkpoint,Task Name,Task Version,checkpoint-itsc,branch-le1y,branch-369y,branch-xcm8,randomiser-jf65,branch-asih,quota-t18w,branch-fqz7,branch-ho4r,quota-qptq,branch-rpm3,quota-xbdv,quota-qd5n,quota-bgsj,quota-xwhm,quota-3pu1,quota-rltk,quota-h2u6,quota-a1h7,quota-8mkn,quota-63lu,branch-crxk,branch-elfm,branch-mikh,branch-nctw,branch-zc37,branch-4mwx,branch-j73a,branch-fkxh,branch-lji3,quota-hzw3,branch-mmja,counterbalance-m678,checkpoint-gr3y,checkpoint-3jg6,randomiser-2tba,counterbalance-93ib,counterbalance-9xcr,counterbalance-wbyz,counterbalance-vply,counterbalance-hleo,checkpoint-abe5,branch-e22y,branch-9yk5,branch-v8wy,counterbalance-ulkf,branch-t3qc,counterbalance-mcio,branch-gm4e,counterbalance-3v2j,counterbalance-t9rn,counterbalance-bi4u,counterbalance-8ump,branch-h1nb,branch-5t3u,randomiser-kh5p,counterbalance-dozd,counterbalance-wch9,branch-9rgz,counterbalance-sg3w,branch-kzla,counterbalance-o3nf,counterbalance-eu1d,counterbalance-8zsd,branch-kht5,counterbalance-u2fx,counterbalance-e4l7,counterbalance-7mrq,counterbalance-s1b5,counterbalance-2v12,counterbalance-g69h,branch-ufjm,branch-qt1t,branch-1cbs,branch-2s1m,order-j7mk,branch-qjxq,checkpoint-27dz,Question Key,Response
1,1571930299256,24/10/2019 15:18:19,1571930299911,-4,24/10/2019 11:18:19,10365,2,questionnaire-mie5,,3240979,A6YDORFZZXXPQ,899107,,complete,kdcddq,,computer,Desktop or Laptop,Windows 10,Firefox 69.0,1280x720,1280x584,approve with $2.15 bonus,IPANAT SAMFE,1,words,English_Native,No_Psych,,l_pos,18+,,≥23,≥28,,≥33,,,ACCEPT,,,,,,,,≥38,≤42,,,,,,,,,Responder,,,,,,,,,,,,,,,Continue,,,,,,,,,Orders 8 and 10,,,,,,,,,,,,order8,,order10,,,Continue,,Continue,ABFCED,Images loaded ok,approve with $2.15 bonus,BEGIN QUESTIONNAIRE,
2,1571930311694,24/10/2019 15:18:31,1571930312419,-4,24/10/2019 11:18:32,10365,2,questionnaire-mie5,,3240979,A6YDORFZZXXPQ,899107,,complete,kdcddq,,computer,Desktop or Laptop,Windows 10,Firefox 69.0,1280x720,1263x584,approve with $2.15 bonus,IPANAT SAMFE,1,words,English_Native,No_Psych,,l_pos,18+,,≥23,≥28,,≥33,,,ACCEPT,,,,,,,,≥38,≤42,,,,,,,,,Responder,,,,,,,,,,,,,,,Continue,,,,,,,,,Orders 8 and 10,,,,,,,,,,,,order8,,order10,,,Continue,,Continue,ABFCED,Images loaded ok,approve with $2.15 bonus,happy,2 - fits somewhat
3,1571930311850,24/10/2019 15:18:31,1571930312423,-4,24/10/2019 11:18:32,10365,2,questionnaire-mie5,,3240979,A6YDORFZZXXPQ,899107,,complete,kdcddq,,computer,Desktop or Laptop,Windows 10,Firefox 69.0,1280x720,1263x584,approve with $2.15 bonus,IPANAT SAMFE,1,words,English_Native,No_Psych,,l_pos,18+,,≥23,≥28,,≥33,,,ACCEPT,,,,,,,,≥38,≤42,,,,,,,,,Responder,,,,,,,,,,,,,,,Continue,,,,,,,,,Orders 8 and 10,,,,,,,,,,,,order8,,order10,,,Continue,,Continue,ABFCED,Images loaded ok,approve with $2.15 bonus,happy-quantised,2
4,1571930311850,24/10/2019 15:18:31,1571930312423,-4,24/10/2019 11:18:32,10365,2,questionnaire-mie5,,3240979,A6YDORFZZXXPQ,899107,,complete,kdcddq,,computer,Desktop or Laptop,Windows 10,Firefox 69.0,1280x720,1263x584,approve with $2.15 bonus,IPANAT SAMFE,1,words,English_Native,No_Psych,,l_pos,18+,,≥23,≥28,,≥33,,,ACCEPT,,,,,,,,≥38,≤42,,,,,,,,,Responder,,,,,,,,,,,,,,,Continue,,,,,,,,,Orders 8 and 10,,,,,,,,,,,,order8,,order10,,,Continue,,Continue,ABFCED,Images loaded ok,approve with $2.15 bonus,helpless,1 - doesn't fit at all
5,1571930311850,24/10/2019 15:18:31,1571930312423,-4,24/10/2019 11:18:32,10365,2,questionnaire-mie5,,3240979,A6YDORFZZXXPQ,899107,,complete,kdcddq,,computer,Desktop or Laptop,Windows 10,Firefox 69.0,1280x720,1263x584,approve with $2.15 bonus,IPANAT SAMFE,1,words,English_Native,No_Psych,,l_pos,18+,,≥23,≥28,,≥33,,,ACCEPT,,,,,,,,≥38,≤42,,,,,,,,,Responder,,,,,,,,,,,,,,,Continue,,,,,,,,,Orders 8 and 10,,,,,,,,,,,,order8,,order10,,,Continue,,Continue,ABFCED,Images loaded ok,approve with $2.15 bonus,helpless-quantised,1
6,1571930311850,24/10/2019 15:18:31,1571930312423,-4,24/10/2019 11:18:32,10365,2,questionnaire-mie5,,3240979,A6YDORFZZXXPQ,899107,,complete,kdcddq,,computer,Desktop or Laptop,Windows 10,Firefox 69.0,1280x720,1263x584,approve with $2.15 bonus,IPANAT SAMFE,1,words,English_Native,No_Psych,,l_pos,18+,,≥23,≥28,,≥33,,,ACCEPT,,,,,,,,≥38,≤42,,,,,,,,,Responder,,,,,,,,,,,,,,,Continue,,,,,,,,,Orders 8 and 10,,,,,,,,,,,,order8,,order10,,,Continue,,Continue,ABFCED,Images loaded ok,approve with $2.15 bonus,energetic,2 - fits somewhat
7,1571930311850,24/10/2019 15:18:31,1571930312423,-4,24/10/2019 11:18:32,10365,2,questionnaire-mie5,,3240979,A6YDORFZZXXPQ,899107,,complete,kdcddq,,computer,Desktop or Laptop,Windows 10,Firefox 69.0,1280x720,1263x584,approve with $2.15 bonus,IPANAT SAMFE,1,words,English_Native,No_Psych,,l_pos,18+,,≥23,≥28,,≥33,,,ACCEPT,,,,,,,,≥38,≤42,,,,,,,,,Responder,,,,,,,,,,,,,,,Continue,,,,,,,,,Orders 8 and 10,,,,,,,,,,,,order8,,order10,,,Continue,,Continue,ABFCED,Images loaded ok,approve with $2.15 bonus,energetic-quantised,2
8,1571930311850,24/10/2019 15:18:31,1571930312423,-4,24/10/2019 11:18:32,10365,2,questionnaire-mie5,,3240979,A6YDORFZZXXPQ,899107,,complete,kdcddq,,computer,Desktop or Laptop,Windows 10,Firefox 69.0,1280x720,1263x584,approve with $2.15 bonus,IPANAT SAMFE,1,words,English_Native,No_Psych,,l_pos,18+,,≥23,≥28,,≥33,,,ACCEPT,,,,,,,,≥38,≤42,,,,,,,,,Responder,,,,,,,,,,,,,,,Continue,,,,,,,,,Orders 8 and 10,,,,,,,,,,,,order8,,order10,,,Continue,,Continue,ABFCED,Images loaded ok,approve with $2.15 bonus,tense,2 - fits somewhat
9,1571930311850,24/10/2019 15:18:31,1571930312423,-4,24/10/2019 11:18:32,10365,2,questionnaire-mie5,,3240979,A6YDORFZZXXPQ,899107,,complete,kdcddq,,computer,Desktop or Laptop,Windows 10,Firefox 69.0,1280x720,1263x584,approve with $2.15 bonus,IPANAT SAMFE,1,words,English_Native,No_Psych,,l_pos,18+,,≥23,≥28,,≥33,,,ACCEPT,,,,,,,,≥38,≤42,,,,,,,,,Responder,,,,,,,,,,,,,,,Continue,,,,,,,,,Orders 8 and 10,,,,,,,,,,,,order8,,order10,,,Continue,,Continue,ABFCED,Images loaded ok,approve with $2.15 bonus,tense-quantised,2
10,1571930311850,24/10/2019 15:18:31,1571930312424,-4,24/10/2019 11:18:32,10365,2,questionnaire-mie5,,3240979,A6YDORFZZXXPQ,899107,,complete,kdcddq,,computer,Desktop or Laptop,Windows 10,Firefox 69.0,1280x720,1263x584,approve with $2.15 bonus,IPANAT SAMFE,1,words,English_Native,No_Psych,,l_pos,18+,,≥23,≥28,,≥33,,,ACCEPT,,,,,,,,≥38,≤42,,,,,,,,,Responder,,,,,,,,,,,,,,,Continue,,,,,,,,,Orders 8 and 10,,,,,,,,,,,,order8,,order10,,,Continue,,Continue,ABFCED,Images loaded ok,approve with $2.15 bonus,cheerful,2 - fits somewhat
11,1571930311850,24/10/2019 15:18:31,1571930312424,-4,24/10/2019 11:18:32,10365,2,questionnaire-mie5,,3240979,A6YDORFZZXXPQ,899107,,complete,kdcddq,,computer,Desktop or Laptop,Windows 10,Firefox 69.0,1280x720,1263x584,approve with $2.15 bonus,IPANAT SAMFE,1,words,English_Native,No_Psych,,l_pos,18+,,≥23,≥28,,≥33,,,ACCEPT,,,,,,,,≥38,≤42,,,,,,,,,Responder,,,,,,,,,,,,,,,Continue,,,,,,,,,Orders 8 and 10,,,,,,,,,,,,order8,,order10,,,Continue,,Continue,ABFCED,Images loaded ok,approve with $2.15 bonus,cheerful-quantised,2
12,1571930311850,24/10/2019 15:18:31,1571930312424,-4,24/10/2019 11:18:32,10365,2,questionnaire-mie5,,3240979,A6YDORFZZXXPQ,899107,,complete,kdcddq,,computer,Desktop or Laptop,Windows 10,Firefox 69.0,1280x720,1263x584,approve with $2.15 bonus,IPANAT SAMFE,1,words,English_Native,No_Psych,,l_pos,18+,,≥23,≥28,,≥33,,,ACCEPT,,,,,,,,≥38,≤42,,,,,,,,,Responder,,,,,,,,,,,,,,,Continue,,,,,,,,,Orders 8 and 10,,,,,,,,,,,,order8,,order10,,,Continue,,Continue,ABFCED,Images loaded ok,approve with $2.15 bonus,inhibited,2 - fits somewhat
13,1571930311850,24/10/2019 15:18:31,1571930312425,-4,24/10/2019 11:18:32,10365,2,questionnaire-mie5,,3240979,A6YDORFZZXXPQ,899107,,complete,kdcddq,,computer,Desktop or Laptop,Windows 10,Firefox 69.0,1280x720,1263x584,approve with $2.15 bonus,IPANAT SAMFE,1,words,English_Native,No_Psych,,l_pos,18+,,≥23,≥28,,≥33,,,ACCEPT,,,,,,,,≥38,≤42,,,,,,,,,Responder,,,,,,,,,,,,,,,Continue,,,,,,,,,Orders 8 and 10,,,,,,,,,,,,order8,,order10,,,Continue,,Continue,ABFCED,Images loaded ok,approve with $2.15 bonus,inhibited-quantised,2
14,1571930311850,24/10/2019 15:18:31,1571930312425,-4,24/10/2019 11:18:32,10365,2,questionnaire-mie5,,3240979,A6YDORFZZXXPQ,899107,,complete,kdcddq,,computer,Desktop or Laptop,Windows 10,Firefox 69.0,1280x720,1263x584,approve with $2.15 bonus,IPANAT SAMFE,1,words,English_Native,No_Psych,,l_pos,18+,,≥23,≥28,,≥33,,,ACCEPT,,,,,,,,≥38,≤42,,,,,,,,,Responder,,,,,,,,,,,,,,,Continue,,,,,,,,,Orders 8 and 10,,,,,,,,,,,,order8,,order10,,,Continue,,Continue,ABFCED,Images loaded ok,approve with $2.15 bonus,END QUESTIONNAIRE,12514
1,1571930371197,24/10/2019 15:19:31,1571930366107,-4,24/10/2019 11:19:26,10365,2,questionnaire-mie5,,3241006,AC0B0RHJICXU1,899127,,complete,stgnfs,,computer,Desktop or Laptop,Windows 7,Firefox 69.0,1920x1080,1474x897,approve with $2.15 bonus,IPANAT SAMFE,1,words,English_Native,No_Psych,Responder,a_pos,18+,,≥23,≥28,,≤32,ACCEPT,,,,,,,,,,,,,,,,,,,,,,,,Orders 11 and 12,,,,,order12,,,Continue,,,Continue,,,,,order12,,,,,,,,,,,,,,,,,,,,,,,Continue,BCADFE,Images loaded ok,approve with $2.15 bonus,BEGIN QUESTIONNAIRE,
2,1571930389061,24/10/2019 15:19:49,1571930384041,-4,24/10/2019 11:19:44,10365,2,questionnaire-mie5,,3241006,AC0B0RHJICXU1,899127,,complete,stgnfs,,computer,Desktop or Laptop,Windows 7,Firefox 69.0,1920x1080,1457x897,approve with $2.15 bonus,IPANAT SAMFE,1,words,English_Native,No_Psych,Responder,a_pos,18+,,≥23,≥28,,≤32,ACCEPT,,,,,,,,,,,,,,,,,,,,,,,,Orders 11 and 12,,,,,order12,,,Continue,,,Continue,,,,,order12,,,,,,,,,,,,,,,,,,,,,,,Continue,BCADFE,Images loaded ok,approve with $2.15 bonus,happy,3 - fits quite well
3,1571930389312,24/10/2019 15:19:49,1571930384047,-4,24/10/2019 11:19:44,10365,2,questionnaire-mie5,,3241006,AC0B0RHJICXU1,899127,,complete,stgnfs,,computer,Desktop or Laptop,Windows 7,Firefox 69.0,1920x1080,1457x897,approve with $2.15 bonus,IPANAT SAMFE,1,words,English_Native,No_Psych,Responder,a_pos,18+,,≥23,≥28,,≤32,ACCEPT,,,,,,,,,,,,,,,,,,,,,,,,Orders 11 and 12,,,,,order12,,,Continue,,,Continue,,,,,order12,,,,,,,,,,,,,,,,,,,,,,,Continue,BCADFE,Images loaded ok,approve with $2.15 bonus,happy-quantised,3
4,1571930389312,24/10/2019 15:19:49,1571930384048,-4,24/10/2019 11:19:44,10365,2,questionnaire-mie5,,3241006,AC0B0RHJICXU1,899127,,complete,stgnfs,,computer,Desktop or Laptop,Windows 7,Firefox 69.0,1920x1080,1457x897,approve with $2.15 bonus,IPANAT SAMFE,1,words,English_Native,No_Psych,Responder,a_pos,18+,,≥23,≥28,,≤32,ACCEPT,,,,,,,,,,,,,,,,,,,,,,,,Orders 11 and 12,,,,,order12,,,Continue,,,Continue,,,,,order12,,,,,,,,,,,,,,,,,,,,,,,Continue,BCADFE,Images loaded ok,approve with $2.15 bonus,helpless,1 - doesn't fit at all
5,1571930389312,24/10/2019 15:19:49,1571930384048,-4,24/10/2019 11:19:44,10365,2,questionnaire-mie5,,3241006,AC0B0RHJICXU1,899127,,complete,stgnfs,,computer,Desktop or Laptop,Windows 7,Firefox 69.0,1920x1080,1457x897,approve with $2.15 bonus,IPANAT SAMFE,1,words,English_Native,No_Psych,Responder,a_pos,18+,,≥23,≥28,,≤32,ACCEPT,,,,,,,,,,,,,,,,,,,,,,,,Orders 11 and 12,,,,,order12,,,Continue,,,Continue,,,,,order12,,,,,,,,,,,,,,,,,,,,,,,Continue,BCADFE,Images loaded ok,approve with $2.15 bonus,helpless-quantised,1
6,1571930389312,24/10/2019 15:19:49,1571930384049,-4,24/10/2019 11:19:44,10365,2,questionnaire-mie5,,3241006,AC0B0RHJICXU1,899127,,complete,stgnfs,,computer,Desktop or Laptop,Windows 7,Firefox 69.0,1920x1080,1457x897,approve with $2.15 bonus,IPANAT SAMFE,1,words,English_Native,No_Psych,Responder,a_pos,18+,,≥23,≥28,,≤32,ACCEPT,,,,,,,,,,,,,,,,,,,,,,,,Orders 11 and 12,,,,,order12,,,Continue,,,Continue,,,,,order12,,,,,,,,,,,,,,,,,,,,,,,Continue,BCADFE,Images loaded ok,approve with $2.15 bonus,energetic,2 - fits somewhat
7,1571930389312,24/10/2019 15:19:49,1571930384050,-4,24/10/2019 11:19:44,10365,2,questionnaire-mie5,,3241006,AC0B0RHJICXU1,899127,,complete,stgnfs,,computer,Desktop or Laptop,Windows 7,Firefox 69.0,1920x1080,1457x897,approve with $2.15 bonus,IPANAT SAMFE,1,words,English_Native,No_Psych,Responder,a_pos,18+,,≥23,≥28,,≤32,ACCEPT,,,,,,,,,,,,,,,,,,,,,,,,Orders 11 and 12,,,,,order12,,,Continue,,,Continue,,,,,order12,,,,,,,,,,,,,,,,,,,,,,,Continue,BCADFE,Images loaded ok,approve with $2.15 bonus,energetic-quantised,2
8,1571930389312,24/10/2019 15:19:49,1571930384051,-4,24/10/2019 11:19:44,10365,2,questionnaire-mie5,,3241006,AC0B0RHJICXU1,899127,,complete,stgnfs,,computer,Desktop or Laptop,Windows 7,Firefox 69.0,1920x1080,1457x897,approve with $2.15 bonus,IPANAT SAMFE,1,words,English_Native,No_Psych,Responder,a_pos,18+,,≥23,≥28,,≤32,ACCEPT,,,,,,,,,,,,,,,,,,,,,,,,Orders 11 and 12,,,,,order12,,,Continue,,,Continue,,,,,order12,,,,,,,,,,,,,,,,,,,,,,,Continue,BCADFE,Images loaded ok,approve with $2.15 bonus,tense,1 - doesn't fit at all
9,1571930389312,24/10/2019 15:19:49,1571930384051,-4,24/10/2019 11:19:44,10365,2,questionnaire-mie5,,3241006,AC0B0RHJICXU1,899127,,complete,stgnfs,,computer,Desktop or Laptop,Windows 7,Firefox 69.0,1920x1080,1457x897,approve with $2.15 bonus,IPANAT SAMFE,1,words,English_Native,No_Psych,Responder,a_pos,18+,,≥23,≥28,,≤32,ACCEPT,,,,,,,,,,,,,,,,,,,,,,,,Orders 11 and 12,,,,,order12,,,Continue,,,Continue,,,,,order12,,,,,,,,,,,,,,,,,,,,,,,Continue,BCADFE,Images loaded ok,approve with $2.15 bonus,tense-quantised,1
10,1571930389312,24/10/2019 15:19:49,1571930384051,-4,24/10/2019 11:19:44,10365,2,questionnaire-mie5,,3241006,AC0B0RHJICXU1,899127,,complete,stgnfs,,computer,Desktop or Laptop,Windows 7,Firefox 69.0,1920x1080,1457x897,approve with $2.15 bonus,IPANAT SAMFE,1,words,English_Native,No_Psych,Responder,a_pos,18+,,≥23,≥28,,≤32,ACCEPT,,,,,,,,,,,,,,,,,,,,,,,,Orders 11 and 12,,,,,order12,,,Continue,,,Continue,,,,,order12,,,,,,,,,,,,,,,,,,,,,,,Continue,BCADFE,Images loaded ok,approve with $2.15 bonus,cheerful,4 - fits very well
11,1571930389312,24/10/2019 15:19:49,1571930384051,-4,24/10/2019 11:19:44,10365,2,questionnaire-mie5,,3241006,AC0B0RHJICXU1,899127,,complete,stgnfs,,computer,Desktop or Laptop,Windows 7,Firefox 69.0,1920x1080,1457x897,approve with $2.15 bonus,IPANAT SAMFE,1,words,English_Native,No_Psych,Responder,a_pos,18+,,≥23,≥28,,≤32,ACCEPT,,,,,,,,,,,,,,,,,,,,,,,,Orders 11 and 12,,,,,order12,,,Continue,,,Continue,,,,,order12,,,,,,,,,,,,,,,,,,,,,,,Continue,BCADFE,Images loaded ok,approve with $2.15 bonus,cheerful-quantised,4
12,1571930389312,24/10/2019 15:19:49,1571930384051,-4,24/10/2019 11:19:44,10365,2,questionnaire-mie5,,3241006,AC0B0RHJICXU1,899127,,complete,stgnfs,,computer,Desktop or Laptop,Windows 7,Firefox 69.0,1920x1080,1457x897,approve with $2.15 bonus,IPANAT SAMFE,1,words,English_Native,No_Psych,Responder,a_pos,18+,,≥23,≥28,,≤32,ACCEPT,,,,,,,,,,,,,,,,,,,,,,,,Orders 11 and 12,,,,,order12,,,Continue,,,Continue,,,,,order12,,,,,,,,,,,,,,,,,,,,,,,Continue,BCADFE,Images loaded ok,approve with $2.15 bonus,inhibited,1 - doesn't fit at all
13,1571930389312,24/10/2019 15:19:49,1571930384052,-4,24/10/2019 11:19:44,10365,2,questionnaire-mie5,,3241006,AC0B0RHJICXU1,899127,,complete,stgnfs,,computer,Desktop or Laptop,Windows 7,Firefox 69.0,1920x1080,1457x897,approve with $2.15 bonus,IPANAT SAMFE,1,words,English_Native,No_Psych,Responder,a_pos,18+,,≥23,≥28,,≤32,ACCEPT,,,,,,,,,,,,,,,,,,,,,,,,Orders 11 and 12,,,,,order12,,,Continue,,,Continue,,,,,order12,,,,,,,,,,,,,,,,,,,,,,,Continue,BCADFE,Images loaded ok,approve with $2.15 bonus,inhibited-quantised,1
14,1571930389312,24/10/2019 15:19:49,1571930384053,-4,24/10/2019 11:19:44,10365,2,questionnaire-mie5,,3241006,AC0B0RHJICXU1,899127,,complete,stgnfs,,computer,Desktop or Laptop,Windows 7,Firefox 69.0,1920x1080,1457x897,approve with $2.15 bonus,IPANAT SAMFE,1,words,English_Native,No_Psych,Responder,a_pos,18+,,≥23,≥28,,≤32,ACCEPT,,,,,,,,,,,,,,,,,,,,,,,,Orders 11 and 12,,,,,order12,,,Continue,,,Continue,,,,,order12,,,,,,,,,,,,,,,,,,,,,,,Continue,BCADFE,Images loaded ok,approve with $2.15 bonus,END QUESTIONNAIRE,17946
1,1571930424594,24/10/2019 15:20:24,1571930426211,-4,24/10/2019 11:20:26,10365,2,questionnaire-mie5,,3241026,A17OSPGV41FZ7P,899111,,complete,hmnbnu,,computer,Desktop or Laptop,Windows 10,Firefox 70.0,1600x900,1600x764,approve with $2.15 bonus,IPANAT SAMFE,1,words,English_Native,No_Psych,Responder,a_pos,18+,,≥23,≥28,,≥33,,ACCEPT,,,,,,,,,≤37,,,,,,,,,,,,,,Orders 2 and 4,order4,,,,,,,,,,Continue,,Continue,order4,,,,,,,,,,,,,,,,,,,,,,,,,Continue,CDBEAF,Images loaded ok,approve with $2.15 bonus,BEGIN QUESTIONNAIRE,
2,1571930434515,24/10/2019 15:20:34,1571930436186,-4,24/10/2019 11:20:36,10365,2,questionnaire-mie5,,3241026,A17OSPGV41FZ7P,899111,,complete,hmnbnu,,computer,Desktop or Laptop,Windows 10,Firefox 70.0,1600x900,1583x764,approve with $2.15 bonus,IPANAT SAMFE,1,words,English_Native,No_Psych,Responder,a_pos,18+,,≥23,≥28,,≥33,,ACCEPT,,,,,,,,,≤37,,,,,,,,,,,,,,Orders 2 and 4,order4,,,,,,,,,,Continue,,Continue,order4,,,,,,,,,,,,,,,,,,,,,,,,,Continue,CDBEAF,Images loaded ok,approve with $2.15 bonus,happy,1 - doesn't fit at all
3,1571930434671,24/10/2019 15:20:34,1571930436190,-4,24/10/2019 11:20:36,10365,2,questionnaire-mie5,,3241026,A17OSPGV41FZ7P,899111,,complete,hmnbnu,,computer,Desktop or Laptop,Windows 10,Firefox 70.0,1600x900,1583x764,approve with $2.15 bonus,IPANAT SAMFE,1,words,English_Native,No_Psych,Responder,a_pos,18+,,≥23,≥28,,≥33,,ACCEPT,,,,,,,,,≤37,,,,,,,,,,,,,,Orders 2 and 4,order4,,,,,,,,,,Continue,,Continue,order4,,,,,,,,,,,,,,,,,,,,,,,,,Continue,CDBEAF,Images loaded ok,approve with $2.15 bonus,happy-quantised,1
4,1571930434671,24/10/2019 15:20:34,1571930436190,-4,24/10/2019 11:20:36,10365,2,questionnaire-mie5,,3241026,A17OSPGV41FZ7P,899111,,complete,hmnbnu,,computer,Desktop or Laptop,Windows 10,Firefox 70.0,1600x900,1583x764,approve with $2.15 bonus,IPANAT SAMFE,1,words,English_Native,No_Psych,Responder,a_pos,18+,,≥23,≥28,,≥33,,ACCEPT,,,,,,,,,≤37,,,,,,,,,,,,,,Orders 2 and 4,order4,,,,,,,,,,Continue,,Continue,order4,,,,,,,,,,,,,,,,,,,,,,,,,Continue,CDBEAF,Images loaded ok,approve with $2.15 bonus,helpless,3 - fits quite well
5,1571930434671,24/10/2019 15:20:34,1571930436191,-4,24/10/2019 11:20:36,10365,2,questionnaire-mie5,,3241026,A17OSPGV41FZ7P,899111,,complete,hmnbnu,,computer,Desktop or Laptop,Windows 10,Firefox 70.0,1600x900,1583x764,approve with $2.15 bonus,IPANAT SAMFE,1,words,English_Native,No_Psych,Responder,a_pos,18+,,≥23,≥28,,≥33,,ACCEPT,,,,,,,,,≤37,,,,,,,,,,,,,,Orders 2 and 4,order4,,,,,,,,,,Continue,,Continue,order4,,,,,,,,,,,,,,,,,,,,,,,,,Continue,CDBEAF,Images loaded ok,approve with $2.15 bonus,helpless-quantised,3
6,1571930434671,24/10/2019 15:20:34,1571930436192,-4,24/10/2019 11:20:36,10365,2,questionnaire-mie5,,3241026,A17OSPGV41FZ7P,899111,,complete,hmnbnu,,computer,Desktop or Laptop,Windows 10,Firefox 70.0,1600x900,1583x764,approve with $2.15 bonus,IPANAT SAMFE,1,words,English_Native,No_Psych,Responder,a_pos,18+,,≥23,≥28,,≥33,,ACCEPT,,,,,,,,,≤37,,,,,,,,,,,,,,Orders 2 and 4,order4,,,,,,,,,,Continue,,Continue,order4,,,,,,,,,,,,,,,,,,,,,,,,,Continue,CDBEAF,Images loaded ok,approve with $2.15 bonus,energetic,2 - fits somewhat
7,1571930434671,24/10/2019 15:20:34,1571930436192,-4,24/10/2019 11:20:36,10365,2,questionnaire-mie5,,3241026,A17OSPGV41FZ7P,899111,,complete,hmnbnu,,computer,Desktop or Laptop,Windows 10,Firefox 70.0,1600x900,1583x764,approve with $2.15 bonus,IPANAT SAMFE,1,words,English_Native,No_Psych,Responder,a_pos,18+,,≥23,≥28,,≥33,,ACCEPT,,,,,,,,,≤37,,,,,,,,,,,,,,Orders 2 and 4,order4,,,,,,,,,,Continue,,Continue,order4,,,,,,,,,,,,,,,,,,,,,,,,,Continue,CDBEAF,Images loaded ok,approve with $2.15 bonus,energetic-quantised,2
8,1571930434671,24/10/2019 15:20:34,1571930436194,-4,24/10/2019 11:20:36,10365,2,questionnaire-mie5,,3241026,A17OSPGV41FZ7P,899111,,complete,hmnbnu,,computer,Desktop or Laptop,Windows 10,Firefox 70.0,1600x900,1583x764,approve with $2.15 bonus,IPANAT SAMFE,1,words,English_Native,No_Psych,Responder,a_pos,18+,,≥23,≥28,,≥33,,ACCEPT,,,,,,,,,≤37,,,,,,,,,,,,,,Orders 2 and 4,order4,,,,,,,,,,Continue,,Continue,order4,,,,,,,,,,,,,,,,,,,,,,,,,Continue,CDBEAF,Images loaded ok,approve with $2.15 bonus,tense,3 - fits quite well
9,1571930434671,24/10/2019 15:20:34,1571930436195,-4,24/10/2019 11:20:36,10365,2,questionnaire-mie5,,3241026,A17OSPGV41FZ7P,899111,,complete,hmnbnu,,computer,Desktop or Laptop,Windows 10,Firefox 70.0,1600x900,1583x764,approve with $2.15 bonus,IPANAT SAMFE,1,words,English_Native,No_Psych,Responder,a_pos,18+,,≥23,≥28,,≥33,,ACCEPT,,,,,,,,,≤37,,,,,,,,,,,,,,Orders 2 and 4,order4,,,,,,,,,,Continue,,Continue,order4,,,,,,,,,,,,,,,,,,,,,,,,,Continue,CDBEAF,Images loaded ok,approve with $2.15 bonus,tense-quantised,3
10,1571930434671,24/10/2019 15:20:34,1571930436195,-4,24/10/2019 11:20:36,10365,2,questionnaire-mie5,,3241026,A17OSPGV41FZ7P,899111,,complete,hmnbnu,,computer,Desktop or Laptop,Windows 10,Firefox 70.0,1600x900,1583x764,approve with $2.15 bonus,IPANAT SAMFE,1,words,English_Native,No_Psych,Responder,a_pos,18+,,≥23,≥28,,≥33,,ACCEPT,,,,,,,,,≤37,,,,,,,,,,,,,,Orders 2 and 4,order4,,,,,,,,,,Continue,,Continue,order4,,,,,,,,,,,,,,,,,,,,,,,,,Continue,CDBEAF,Images loaded ok,approve with $2.15 bonus,cheerful,1 - doesn't fit at all
11,1571930434671,24/10/2019 15:20:34,1571930436196,-4,24/10/2019 11:20:36,10365,2,questionnaire-mie5,,3241026,A17OSPGV41FZ7P,899111,,complete,hmnbnu,,computer,Desktop or Laptop,Windows 10,Firefox 70.0,1600x900,1583x764,approve with $2.15 bonus,IPANAT SAMFE,1,words,English_Native,No_Psych,Responder,a_pos,18+,,≥23,≥28,,≥33,,ACCEPT,,,,,,,,,≤37,,,,,,,,,,,,,,Orders 2 and 4,order4,,,,,,,,,,Continue,,Continue,order4,,,,,,,,,,,,,,,,,,,,,,,,,Continue,CDBEAF,Images loaded ok,approve with $2.15 bonus,cheerful-quantised,1
12,1571930434671,24/10/2019 15:20:34,1571930436197,-4,24/10/2019 11:20:36,10365,2,questionnaire-mie5,,3241026,A17OSPGV41FZ7P,899111,,complete,hmnbnu,,computer,Desktop or Laptop,Windows 10,Firefox 70.0,1600x900,1583x764,approve with $2.15 bonus,IPANAT SAMFE,1,words,English_Native,No_Psych,Responder,a_pos,18+,,≥23,≥28,,≥33,,ACCEPT,,,,,,,,,≤37,,,,,,,,,,,,,,Orders 2 and 4,order4,,,,,,,,,,Continue,,Continue,order4,,,,,,,,,,,,,,,,,,,,,,,,,Continue,CDBEAF,Images loaded ok,approve with $2.15 bonus,inhibited,2 - fits somewhat
13,1571930434671,24/10/2019 15:20:34,1571930436198,-4,24/10/2019 11:20:36,10365,2,questionnaire-mie5,,3241026,A17OSPGV41FZ7P,899111,,complete,hmnbnu,,computer,Desktop or Laptop,Windows 10,Firefox 70.0,1600x900,1583x764,approve with $2.15 bonus,IPANAT SAMFE,1,words,English_Native,No_Psych,Responder,a_pos,18+,,≥23,≥28,,≥33,,ACCEPT,,,,,,,,,≤37,,,,,,,,,,,,,,Orders 2 and 4,order4,,,,,,,,,,Continue,,Continue,order4,,,,,,,,,,,,,,,,,,,,,,,,,Continue,CDBEAF,Images loaded ok,approve with $2.15 bonus,inhibited-quantised,2
14,1571930434671,24/10/2019 15:20:34,1571930436202,-4,24/10/2019 11:20:36,10365,2,questionnaire-mie5,,3241026,A17OSPGV41FZ7P,899111,,complete,hmnbnu,,computer,Desktop or Laptop,Windows 10,Firefox 70.0,1600x900,1583x764,approve with $2.15 bonus,IPANAT SAMFE,1,words,English_Native,No_Psych,Responder,a_pos,18+,,≥23,≥28,,≥33,,ACCEPT,,,,,,,,,≤37,,,,,,,,,,,,,,Orders 2 and 4,order4,,,,,,,,,,Continue,,Continue,order4,,,,,,,,,,,,,,,,,,,,,,,,,Continue,CDBEAF,Images loaded ok,approve with $2.15 bonus,END QUESTIONNAIRE,9991
1,1571930463265,24/10/2019 15:21:03,1571930457779,-4,24/10/2019 11:20:57,10365,2,questionnaire-mie5,,3241048,A2NAKIXS3DVGAA,899130,,complete,gxpwzf,,computer,Desktop or Laptop,Linux x86_64,Firefox 60.0,1600x900,1055x767,approve with $2.15 bonus,IPANAT SAMFE,1,words,English_Native,No_Psych,,l_pos,18+,,≥23,≤27,ACCEPT,,,,,,,,,,,,,,,,,,,,,,Responder,,,,,,,,,,,,,,,Continue,,,,,,,,,Orders 11 and 12,,,,,,,,,,,order11,,,,order11,,,Continue,Continue,DECFBA,Images loaded ok,approve with $2.15 bonus,BEGIN QUESTIONNAIRE,
2,1571930468187,24/10/2019 15:21:08,1571930462727,-4,24/10/2019 11:21:02,10365,2,questionnaire-mie5,,3241048,A2NAKIXS3DVGAA,899130,,complete,gxpwzf,,computer,Desktop or Laptop,Linux x86_64,Firefox 60.0,1600x900,1043x767,approve with $2.15 bonus,IPANAT SAMFE,1,words,English_Native,No_Psych,,l_pos,18+,,≥23,≤27,ACCEPT,,,,,,,,,,,,,,,,,,,,,,Responder,,,,,,,,,,,,,,,Continue,,,,,,,,,Orders 11 and 12,,,,,,,,,,,order11,,,,order11,,,Continue,Continue,DECFBA,Images loaded ok,approve with $2.15 bonus,happy,2 - fits somewhat
3,1571930468363,24/10/2019 15:21:08,1571930462731,-4,24/10/2019 11:21:02,10365,2,questionnaire-mie5,,3241048,A2NAKIXS3DVGAA,899130,,complete,gxpwzf,,computer,Desktop or Laptop,Linux x86_64,Firefox 60.0,1600x900,1043x767,approve with $2.15 bonus,IPANAT SAMFE,1,words,English_Native,No_Psych,,l_pos,18+,,≥23,≤27,ACCEPT,,,,,,,,,,,,,,,,,,,,,,Responder,,,,,,,,,,,,,,,Continue,,,,,,,,,Orders 11 and 12,,,,,,,,,,,order11,,,,order11,,,Continue,Continue,DECFBA,Images loaded ok,approve with $2.15 bonus,happy-quantised,2
4,1571930468363,24/10/2019 15:21:08,1571930462731,-4,24/10/2019 11:21:02,10365,2,questionnaire-mie5,,3241048,A2NAKIXS3DVGAA,899130,,complete,gxpwzf,,computer,Desktop or Laptop,Linux x86_64,Firefox 60.0,1600x900,1043x767,approve with $2.15 bonus,IPANAT SAMFE,1,words,English_Native,No_Psych,,l_pos,18+,,≥23,≤27,ACCEPT,,,,,,,,,,,,,,,,,,,,,,Responder,,,,,,,,,,,,,,,Continue,,,,,,,,,Orders 11 and 12,,,,,,,,,,,order11,,,,order11,,,Continue,Continue,DECFBA,Images loaded ok,approve with $2.15 bonus,helpless,2 - fits somewhat
5,1571930468363,24/10/2019 15:21:08,1571930462732,-4,24/10/2019 11:21:02,10365,2,questionnaire-mie5,,3241048,A2NAKIXS3DVGAA,899130,,complete,gxpwzf,,computer,Desktop or Laptop,Linux x86_64,Firefox 60.0,1600x900,1043x767,approve with $2.15 bonus,IPANAT SAMFE,1,words,English_Native,No_Psych,,l_pos,18+,,≥23,≤27,ACCEPT,,,,,,,,,,,,,,,,,,,,,,Responder,,,,,,,,,,,,,,,Continue,,,,,,,,,Orders 11 and 12,,,,,,,,,,,order11,,,,order11,,,Continue,Continue,DECFBA,Images loaded ok,approve with $2.15 bonus,helpless-quantised,2
6,1571930468363,24/10/2019 15:21:08,1571930462732,-4,24/10/2019 11:21:02,10365,2,questionnaire-mie5,,3241048,A2NAKIXS3DVGAA,899130,,complete,gxpwzf,,computer,Desktop or Laptop,Linux x86_64,Firefox 60.0,1600x900,1043x767,approve with $2.15 bonus,IPANAT SAMFE,1,words,English_Native,No_Psych,,l_pos,18+,,≥23,≤27,ACCEPT,,,,,,,,,,,,,,,,,,,,,,Responder,,,,,,,,,,,,,,,Continue,,,,,,,,,Orders 11 and 12,,,,,,,,,,,order11,,,,order11,,,Continue,Continue,DECFBA,Images loaded ok,approve with $2.15 bonus,energetic,2 - fits somewhat
7,1571930468363,24/10/2019 15:21:08,1571930462732,-4,24/10/2019 11:21:02,10365,2,questionnaire-mie5,,3241048,A2NAKIXS3DVGAA,899130,,complete,gxpwzf,,computer,Desktop or Laptop,Linux x86_64,Firefox 60.0,1600x900,1043x767,approve with $2.15 bonus,IPANAT SAMFE,1,words,English_Native,No_Psych,,l_pos,18+,,≥23,≤27,ACCEPT,,,,,,,,,,,,,,,,,,,,,,Responder,,,,,,,,,,,,,,,Continue,,,,,,,,,Orders 11 and 12,,,,,,,,,,,order11,,,,order11,,,Continue,Continue,DECFBA,Images loaded ok,approve with $2.15 bonus,energetic-quantised,2
8,1571930468363,24/10/2019 15:21:08,1571930462733,-4,24/10/2019 11:21:02,10365,2,questionnaire-mie5,,3241048,A2NAKIXS3DVGAA,899130,,complete,gxpwzf,,computer,Desktop or Laptop,Linux x86_64,Firefox 60.0,1600x900,1043x767,approve with $2.15 bonus,IPANAT SAMFE,1,words,English_Native,No_Psych,,l_pos,18+,,≥23,≤27,ACCEPT,,,,,,,,,,,,,,,,,,,,,,Responder,,,,,,,,,,,,,,,Continue,,,,,,,,,Orders 11 and 12,,,,,,,,,,,order11,,,,order11,,,Continue,Continue,DECFBA,Images loaded ok,approve with $2.15 bonus,tense,2 - fits somewhat
9,1571930468363,24/10/2019 15:21:08,1571930462733,-4,24/10/2019 11:21:02,10365,2,questionnaire-mie5,,3241048,A2NAKIXS3DVGAA,899130,,complete,gxpwzf,,computer,Desktop or Laptop,Linux x86_64,Firefox 60.0,1600x900,1043x767,approve with $2.15 bonus,IPANAT SAMFE,1,words,English_Native,No_Psych,,l_pos,18+,,≥23,≤27,ACCEPT,,,,,,,,,,,,,,,,,,,,,,Responder,,,,,,,,,,,,,,,Continue,,,,,,,,,Orders 11 and 12,,,,,,,,,,,order11,,,,order11,,,Continue,Continue,DECFBA,Images loaded ok,approve with $2.15 bonus,tense-quantised,2
10,1571930468363,24/10/2019 15:21:08,1571930462733,-4,24/10/2019 11:21:02,10365,2,questionnaire-mie5,,3241048,A2NAKIXS3DVGAA,899130,,complete,gxpwzf,,computer,Desktop or Laptop,Linux x86_64,Firefox 60.0,1600x900,1043x767,approve with $2.15 bonus,IPANAT SAMFE,1,words,English_Native,No_Psych,,l_pos,18+,,≥23,≤27,ACCEPT,,,,,,,,,,,,,,,,,,,,,,Responder,,,,,,,,,,,,,,,Continue,,,,,,,,,Orders 11 and 12,,,,,,,,,,,order11,,,,order11,,,Continue,Continue,DECFBA,Images loaded ok,approve with $2.15 bonus,cheerful,2 - fits somewhat
11,1571930468363,24/10/2019 15:21:08,1571930462733,-4,24/10/2019 11:21:02,10365,2,questionnaire-mie5,,3241048,A2NAKIXS3DVGAA,899130,,complete,gxpwzf,,computer,Desktop or Laptop,Linux x86_64,Firefox 60.0,1600x900,1043x767,approve with $2.15 bonus,IPANAT SAMFE,1,words,English_Native,No_Psych,,l_pos,18+,,≥23,≤27,ACCEPT,,,,,,,,,,,,,,,,,,,,,,Responder,,,,,,,,,,,,,,,Continue,,,,,,,,,Orders 11 and 12,,,,,,,,,,,order11,,,,order11,,,Continue,Continue,DECFBA,Images loaded ok,approve with $2.15 bonus,cheerful-quantised,2
12,1571930468363,24/10/2019 15:21:08,1571930462733,-4,24/10/2019 11:21:02,10365,2,questionnaire-mie5,,3241048,A2NAKIXS3DVGAA,899130,,complete,gxpwzf,,computer,Desktop or Laptop,Linux x86_64,Firefox 60.0,1600x900,1043x767,approve with $2.15 bonus,IPANAT SAMFE,1,words,English_Native,No_Psych,,l_pos,18+,,≥23,≤27,ACCEPT,,,,,,,,,,,,,,,,,,,,,,Responder,,,,,,,,,,,,,,,Continue,,,,,,,,,Orders 11 and 12,,,,,,,,,,,order11,,,,order11,,,Continue,Continue,DECFBA,Images loaded ok,approve with $2.15 bonus,inhibited,2 - fits somewhat
13,1571930468363,24/10/2019 15:21:08,1571930462733,-4,24/10/2019 11:21:02,10365,2,questionnaire-mie5,,3241048,A2NAKIXS3DVGAA,899130,,complete,gxpwzf,,computer,Desktop or Laptop,Linux x86_64,Firefox 60.0,1600x900,1043x767,approve with $2.15 bonus,IPANAT SAMFE,1,words,English_Native,No_Psych,,l_pos,18+,,≥23,≤27,ACCEPT,,,,,,,,,,,,,,,,,,,,,,Responder,,,,,,,,,,,,,,,Continue,,,,,,,,,Orders 11 and 12,,,,,,,,,,,order11,,,,order11,,,Continue,Continue,DECFBA,Images loaded ok,approve with $2.15 bonus,inhibited-quantised,2
14,1571930468363,24/10/2019 15:21:08,1571930462734,-4,24/10/2019 11:21:02,10365,2,questionnaire-mie5,,3241048,A2NAKIXS3DVGAA,899130,,complete,gxpwzf,,computer,Desktop or Laptop,Linux x86_64,Firefox 60.0,1600x900,1043x767,approve with $2.15 bonus,IPANAT SAMFE,1,words,English_Native,No_Psych,,l_pos,18+,,≥23,≤27,ACCEPT,,,,,,,,,,,,,,,,,,,,,,Responder,,,,,,,,,,,,,,,Continue,,,,,,,,,Orders 11 and 12,,,,,,,,,,,order11,,,,order11,,,Continue,Continue,DECFBA,Images loaded ok,approve with $2.15 bonus,END QUESTIONNAIRE,4955
1,1571930549511,24/10/2019 15:22:29,1571930548946,-5,24/10/2019 10:22:28,10365,2,questionnaire-mie5,,3241089,A1DXSFFL5HZ1NX,899146,,complete,szofyn,,computer,Desktop or Laptop,Chromium OS 12371.75.0,Chrome 77.0.3865.105,1366x768,1366x641,approve with $2.15 bonus,IPANAT SAMFE,1,words,English_Native,No_Psych,Responder,a_pos,18+,,≥23,≥28,,≥33,,,,ACCEPT,,,,,,,≥38,≥43,≤47,,,,,,,,,,,,Orders 5 and 6,,order5,,,,,,,,,Continue,,,,order5,,,Continue,,,,,,,,,,,,,,,,,,,,,Continue,EFDACB,Images loaded ok,approve with $2.15 bonus,BEGIN QUESTIONNAIRE,
2,1571930558967,24/10/2019 15:22:38,1571930558459,-5,24/10/2019 10:22:38,10365,2,questionnaire-mie5,,3241089,A1DXSFFL5HZ1NX,899146,,complete,szofyn,,computer,Desktop or Laptop,Chromium OS 12371.75.0,Chrome 77.0.3865.105,1366x768,1366x641,approve with $2.15 bonus,IPANAT SAMFE,1,words,English_Native,No_Psych,Responder,a_pos,18+,,≥23,≥28,,≥33,,,,ACCEPT,,,,,,,≥38,≥43,≤47,,,,,,,,,,,,Orders 5 and 6,,order5,,,,,,,,,Continue,,,,order5,,,Continue,,,,,,,,,,,,,,,,,,,,,Continue,EFDACB,Images loaded ok,approve with $2.15 bonus,happy,2 - fits somewhat
3,1571930559122,24/10/2019 15:22:39,1571930558463,-5,24/10/2019 10:22:38,10365,2,questionnaire-mie5,,3241089,A1DXSFFL5HZ1NX,899146,,complete,szofyn,,computer,Desktop or Laptop,Chromium OS 12371.75.0,Chrome 77.0.3865.105,1366x768,1366x641,approve with $2.15 bonus,IPANAT SAMFE,1,words,English_Native,No_Psych,Responder,a_pos,18+,,≥23,≥28,,≥33,,,,ACCEPT,,,,,,,≥38,≥43,≤47,,,,,,,,,,,,Orders 5 and 6,,order5,,,,,,,,,Continue,,,,order5,,,Continue,,,,,,,,,,,,,,,,,,,,,Continue,EFDACB,Images loaded ok,approve with $2.15 bonus,happy-quantised,2
4,1571930559122,24/10/2019 15:22:39,1571930558463,-5,24/10/2019 10:22:38,10365,2,questionnaire-mie5,,3241089,A1DXSFFL5HZ1NX,899146,,complete,szofyn,,computer,Desktop or Laptop,Chromium OS 12371.75.0,Chrome 77.0.3865.105,1366x768,1366x641,approve with $2.15 bonus,IPANAT SAMFE,1,words,English_Native,No_Psych,Responder,a_pos,18+,,≥23,≥28,,≥33,,,,ACCEPT,,,,,,,≥38,≥43,≤47,,,,,,,,,,,,Orders 5 and 6,,order5,,,,,,,,,Continue,,,,order5,,,Continue,,,,,,,,,,,,,,,,,,,,,Continue,EFDACB,Images loaded ok,approve with $2.15 bonus,helpless,1 - doesn't fit at all
5,1571930559122,24/10/2019 15:22:39,1571930558464,-5,24/10/2019 10:22:38,10365,2,questionnaire-mie5,,3241089,A1DXSFFL5HZ1NX,899146,,complete,szofyn,,computer,Desktop or Laptop,Chromium OS 12371.75.0,Chrome 77.0.3865.105,1366x768,1366x641,approve with $2.15 bonus,IPANAT SAMFE,1,words,English_Native,No_Psych,Responder,a_pos,18+,,≥23,≥28,,≥33,,,,ACCEPT,,,,,,,≥38,≥43,≤47,,,,,,,,,,,,Orders 5 and 6,,order5,,,,,,,,,Continue,,,,order5,,,Continue,,,,,,,,,,,,,,,,,,,,,Continue,EFDACB,Images loaded ok,approve with $2.15 bonus,helpless-quantised,1
6,1571930559122,24/10/2019 15:22:39,1571930558464,-5,24/10/2019 10:22:38,10365,2,questionnaire-mie5,,3241089,A1DXSFFL5HZ1NX,899146,,complete,szofyn,,computer,Desktop or Laptop,Chromium OS 12371.75.0,Chrome 77.0.3865.105,1366x768,1366x641,approve with $2.15 bonus,IPANAT SAMFE,1,words,English_Native,No_Psych,Responder,a_pos,18+,,≥23,≥28,,≥33,,,,ACCEPT,,,,,,,≥38,≥43,≤47,,,,,,,,,,,,Orders 5 and 6,,order5,,,,,,,,,Continue,,,,order5,,,Continue,,,,,,,,,,,,,,,,,,,,,Continue,EFDACB,Images loaded ok,approve with $2.15 bonus,energetic,2 - fits somewhat
7,1571930559122,24/10/2019 15:22:39,1571930558465,-5,24/10/2019 10:22:38,10365,2,questionnaire-mie5,,3241089,A1DXSFFL5HZ1NX,899146,,complete,szofyn,,computer,Desktop or Laptop,Chromium OS 12371.75.0,Chrome 77.0.3865.105,1366x768,1366x641,approve with $2.15 bonus,IPANAT SAMFE,1,words,English_Native,No_Psych,Responder,a_pos,18+,,≥23,≥28,,≥33,,,,ACCEPT,,,,,,,≥38,≥43,≤47,,,,,,,,,,,,Orders 5 and 6,,order5,,,,,,,,,Continue,,,,order5,,,Continue,,,,,,,,,,,,,,,,,,,,,Continue,EFDACB,Images loaded ok,approve with $2.15 bonus,energetic-quantised,2
8,1571930559122,24/10/2019 15:22:39,1571930558465,-5,24/10/2019 10:22:38,10365,2,questionnaire-mie5,,3241089,A1DXSFFL5HZ1NX,899146,,complete,szofyn,,computer,Desktop or Laptop,Chromium OS 12371.75.0,Chrome 77.0.3865.105,1366x768,1366x641,approve with $2.15 bonus,IPANAT SAMFE,1,words,English_Native,No_Psych,Responder,a_pos,18+,,≥23,≥28,,≥33,,,,ACCEPT,,,,,,,≥38,≥43,≤47,,,,,,,,,,,,Orders 5 and 6,,order5,,,,,,,,,Continue,,,,order5,,,Continue,,,,,,,,,,,,,,,,,,,,,Continue,EFDACB,Images loaded ok,approve with $2.15 bonus,tense,1 - doesn't fit at all
9,1571930559122,24/10/2019 15:22:39,1571930558465,-5,24/10/2019 10:22:38,10365,2,questionnaire-mie5,,3241089,A1DXSFFL5HZ1NX,899146,,complete,szofyn,,computer,Desktop or Laptop,Chromium OS 12371.75.0,Chrome 77.0.3865.105,1366x768,1366x641,approve with $2.15 bonus,IPANAT SAMFE,1,words,English_Native,No_Psych,Responder,a_pos,18+,,≥23,≥28,,≥33,,,,ACCEPT,,,,,,,≥38,≥43,≤47,,,,,,,,,,,,Orders 5 and 6,,order5,,,,,,,,,Continue,,,,order5,,,Continue,,,,,,,,,,,,,,,,,,,,,Continue,EFDACB,Images loaded ok,approve with $2.15 bonus,tense-quantised,1
10,1571930559122,24/10/2019 15:22:39,1571930558466,-5,24/10/2019 10:22:38,10365,2,questionnaire-mie5,,3241089,A1DXSFFL5HZ1NX,899146,,complete,szofyn,,computer,Desktop or Laptop,Chromium OS 12371.75.0,Chrome 77.0.3865.105,1366x768,1366x641,approve with $2.15 bonus,IPANAT SAMFE,1,words,English_Native,No_Psych,Responder,a_pos,18+,,≥23,≥28,,≥33,,,,ACCEPT,,,,,,,≥38,≥43,≤47,,,,,,,,,,,,Orders 5 and 6,,order5,,,,,,,,,Continue,,,,order5,,,Continue,,,,,,,,,,,,,,,,,,,,,Continue,EFDACB,Images loaded ok,approve with $2.15 bonus,cheerful,2 - fits somewhat
11,1571930559122,24/10/2019 15:22:39,1571930558466,-5,24/10/2019 10:22:38,10365,2,questionnaire-mie5,,3241089,A1DXSFFL5HZ1NX,899146,,complete,szofyn,,computer,Desktop or Laptop,Chromium OS 12371.75.0,Chrome 77.0.3865.105,1366x768,1366x641,approve with $2.15 bonus,IPANAT SAMFE,1,words,English_Native,No_Psych,Responder,a_pos,18+,,≥23,≥28,,≥33,,,,ACCEPT,,,,,,,≥38,≥43,≤47,,,,,,,,,,,,Orders 5 and 6,,order5,,,,,,,,,Continue,,,,order5,,,Continue,,,,,,,,,,,,,,,,,,,,,Continue,EFDACB,Images loaded ok,approve with $2.15 bonus,cheerful-quantised,2
12,1571930559122,24/10/2019 15:22:39,1571930558466,-5,24/10/2019 10:22:38,10365,2,questionnaire-mie5,,3241089,A1DXSFFL5HZ1NX,899146,,complete,szofyn,,computer,Desktop or Laptop,Chromium OS 12371.75.0,Chrome 77.0.3865.105,1366x768,1366x641,approve with $2.15 bonus,IPANAT SAMFE,1,words,English_Native,No_Psych,Responder,a_pos,18+,,≥23,≥28,,≥33,,,,ACCEPT,,,,,,,≥38,≥43,≤47,,,,,,,,,,,,Orders 5 and 6,,order5,,,,,,,,,Continue,,,,order5,,,Continue,,,,,,,,,,,,,,,,,,,,,Continue,EFDACB,Images loaded ok,approve with $2.15 bonus,inhibited,1 - doesn't fit at all
13,1571930559122,24/10/2019 15:22:39,1571930558468,-5,24/10/2019 10:22:38,10365,2,questionnaire-mie5,,3241089,A1DXSFFL5HZ1NX,899146,,complete,szofyn,,computer,Desktop or Laptop,Chromium OS 12371.75.0,Chrome 77.0.3865.105,1366x768,1366x641,approve with $2.15 bonus,IPANAT SAMFE,1,words,English_Native,No_Psych,Responder,a_pos,18+,,≥23,≥28,,≥33,,,,ACCEPT,,,,,,,≥38,≥43,≤47,,,,,,,,,,,,Orders 5 and 6,,order5,,,,,,,,,Continue,,,,order5,,,Continue,,,,,,,,,,,,,,,,,,,,,Continue,EFDACB,Images loaded ok,approve with $2.15 bonus,inhibited-quantised,1
14,1571930559122,24/10/2019 15:22:39,1571930558469,-5,24/10/2019 10:22:38,10365,2,questionnaire-mie5,,3241089,A1DXSFFL5HZ1NX,899146,,complete,szofyn,,computer,Desktop or Laptop,Chromium OS 12371.75.0,Chrome 77.0.3865.105,1366x768,1366x641,approve with $2.15 bonus,IPANAT SAMFE,1,words,English_Native,No_Psych,Responder,a_pos,18+,,≥23,≥28,,≥33,,,,ACCEPT,,,,,,,≥38,≥43,≤47,,,,,,,,,,,,Orders 5 and 6,,order5,,,,,,,,,Continue,,,,order5,,,Continue,,,,,,,,,,,,,,,,,,,,,Continue,EFDACB,Images loaded ok,approve with $2.15 bonus,END QUESTIONNAIRE,9523
1,1571930564498,24/10/2019 15:22:44,1571930566227,-7,24/10/2019 08:22:46,10365,2,questionnaire-mie5,,3241096,A11ST9LLMHHIF9,899148,,complete,zywnen,,computer,Desktop or Laptop,Windows 10,Chrome 77.0.3865.120,1366x768,1366x768,approve with $2.15 bonus,IPANAT SAMFE,1,words,English_Native,No_Psych,,l_pos,18+,,≥23,≥28,,≥33,,,,,,,,,ACCEPT,,≥38,≥43,≥48,≥53,≥58,≥63,≥68,≤72,,,Responder,,,,,,,,,,,,,,,Continue,,,,,,,,,Orders 2 and 4,,order2,,,Continue,order2,,,,,,,,,,,,,Continue,BCADFE,Images loaded ok,approve with $2.15 bonus,BEGIN QUESTIONNAIRE,
2,1571930586288,24/10/2019 15:23:06,1571930587640,-7,24/10/2019 08:23:07,10365,2,questionnaire-mie5,,3241096,A11ST9LLMHHIF9,899148,,complete,zywnen,,computer,Desktop or Laptop,Windows 10,Chrome 77.0.3865.120,1366x768,1349x768,approve with $2.15 bonus,IPANAT SAMFE,1,words,English_Native,No_Psych,,l_pos,18+,,≥23,≥28,,≥33,,,,,,,,,ACCEPT,,≥38,≥43,≥48,≥53,≥58,≥63,≥68,≤72,,,Responder,,,,,,,,,,,,,,,Continue,,,,,,,,,Orders 2 and 4,,order2,,,Continue,order2,,,,,,,,,,,,,Continue,BCADFE,Images loaded ok,approve with $2.15 bonus,happy,3 - fits quite well
3,1571930586476,24/10/2019 15:23:06,1571930587647,-7,24/10/2019 08:23:07,10365,2,questionnaire-mie5,,3241096,A11ST9LLMHHIF9,899148,,complete,zywnen,,computer,Desktop or Laptop,Windows 10,Chrome 77.0.3865.120,1366x768,1349x768,approve with $2.15 bonus,IPANAT SAMFE,1,words,English_Native,No_Psych,,l_pos,18+,,≥23,≥28,,≥33,,,,,,,,,ACCEPT,,≥38,≥43,≥48,≥53,≥58,≥63,≥68,≤72,,,Responder,,,,,,,,,,,,,,,Continue,,,,,,,,,Orders 2 and 4,,order2,,,Continue,order2,,,,,,,,,,,,,Continue,BCADFE,Images loaded ok,approve with $2.15 bonus,happy-quantised,3
4,1571930586476,24/10/2019 15:23:06,1571930587649,-7,24/10/2019 08:23:07,10365,2,questionnaire-mie5,,3241096,A11ST9LLMHHIF9,899148,,complete,zywnen,,computer,Desktop or Laptop,Windows 10,Chrome 77.0.3865.120,1366x768,1349x768,approve with $2.15 bonus,IPANAT SAMFE,1,words,English_Native,No_Psych,,l_pos,18+,,≥23,≥28,,≥33,,,,,,,,,ACCEPT,,≥38,≥43,≥48,≥53,≥58,≥63,≥68,≤72,,,Responder,,,,,,,,,,,,,,,Continue,,,,,,,,,Orders 2 and 4,,order2,,,Continue,order2,,,,,,,,,,,,,Continue,BCADFE,Images loaded ok,approve with $2.15 bonus,helpless,1 - doesn't fit at all
5,1571930586476,24/10/2019 15:23:06,1571930587651,-7,24/10/2019 08:23:07,10365,2,questionnaire-mie5,,3241096,A11ST9LLMHHIF9,899148,,complete,zywnen,,computer,Desktop or Laptop,Windows 10,Chrome 77.0.3865.120,1366x768,1349x768,approve with $2.15 bonus,IPANAT SAMFE,1,words,English_Native,No_Psych,,l_pos,18+,,≥23,≥28,,≥33,,,,,,,,,ACCEPT,,≥38,≥43,≥48,≥53,≥58,≥63,≥68,≤72,,,Responder,,,,,,,,,,,,,,,Continue,,,,,,,,,Orders 2 and 4,,order2,,,Continue,order2,,,,,,,,,,,,,Continue,BCADFE,Images loaded ok,approve with $2.15 bonus,helpless-quantised,1
6,1571930586476,24/10/2019 15:23:06,1571930587652,-7,24/10/2019 08:23:07,10365,2,questionnaire-mie5,,3241096,A11ST9LLMHHIF9,899148,,complete,zywnen,,computer,Desktop or Laptop,Windows 10,Chrome 77.0.3865.120,1366x768,1349x768,approve with $2.15 bonus,IPANAT SAMFE,1,words,English_Native,No_Psych,,l_pos,18+,,≥23,≥28,,≥33,,,,,,,,,ACCEPT,,≥38,≥43,≥48,≥53,≥58,≥63,≥68,≤72,,,Responder,,,,,,,,,,,,,,,Continue,,,,,,,,,Orders 2 and 4,,order2,,,Continue,order2,,,,,,,,,,,,,Continue,BCADFE,Images loaded ok,approve with $2.15 bonus,energetic,3 - fits quite well
7,1571930586476,24/10/2019 15:23:06,1571930587653,-7,24/10/2019 08:23:07,10365,2,questionnaire-mie5,,3241096,A11ST9LLMHHIF9,899148,,complete,zywnen,,computer,Desktop or Laptop,Windows 10,Chrome 77.0.3865.120,1366x768,1349x768,approve with $2.15 bonus,IPANAT SAMFE,1,words,English_Native,No_Psych,,l_pos,18+,,≥23,≥28,,≥33,,,,,,,,,ACCEPT,,≥38,≥43,≥48,≥53,≥58,≥63,≥68,≤72,,,Responder,,,,,,,,,,,,,,,Continue,,,,,,,,,Orders 2 and 4,,order2,,,Continue,order2,,,,,,,,,,,,,Continue,BCADFE,Images loaded ok,approve with $2.15 bonus,energetic-quantised,3
8,1571930586476,24/10/2019 15:23:06,1571930587654,-7,24/10/2019 08:23:07,10365,2,questionnaire-mie5,,3241096,A11ST9LLMHHIF9,899148,,complete,zywnen,,computer,Desktop or Laptop,Windows 10,Chrome 77.0.3865.120,1366x768,1349x768,approve with $2.15 bonus,IPANAT SAMFE,1,words,English_Native,No_Psych,,l_pos,18+,,≥23,≥28,,≥33,,,,,,,,,ACCEPT,,≥38,≥43,≥48,≥53,≥58,≥63,≥68,≤72,,,Responder,,,,,,,,,,,,,,,Continue,,,,,,,,,Orders 2 and 4,,order2,,,Continue,order2,,,,,,,,,,,,,Continue,BCADFE,Images loaded ok,approve with $2.15 bonus,tense,1 - doesn't fit at all
9,1571930586476,24/10/2019 15:23:06,1571930587655,-7,24/10/2019 08:23:07,10365,2,questionnaire-mie5,,3241096,A11ST9LLMHHIF9,899148,,complete,zywnen,,computer,Desktop or Laptop,Windows 10,Chrome 77.0.3865.120,1366x768,1349x768,approve with $2.15 bonus,IPANAT SAMFE,1,words,English_Native,No_Psych,,l_pos,18+,,≥23,≥28,,≥33,,,,,,,,,ACCEPT,,≥38,≥43,≥48,≥53,≥58,≥63,≥68,≤72,,,Responder,,,,,,,,,,,,,,,Continue,,,,,,,,,Orders 2 and 4,,order2,,,Continue,order2,,,,,,,,,,,,,Continue,BCADFE,Images loaded ok,approve with $2.15 bonus,tense-quantised,1
10,1571930586476,24/10/2019 15:23:06,1571930587656,-7,24/10/2019 08:23:07,10365,2,questionnaire-mie5,,3241096,A11ST9LLMHHIF9,899148,,complete,zywnen,,computer,Desktop or Laptop,Windows 10,Chrome 77.0.3865.120,1366x768,1349x768,approve with $2.15 bonus,IPANAT SAMFE,1,words,English_Native,No_Psych,,l_pos,18+,,≥23,≥28,,≥33,,,,,,,,,ACCEPT,,≥38,≥43,≥48,≥53,≥58,≥63,≥68,≤72,,,Responder,,,,,,,,,,,,,,,Continue,,,,,,,,,Orders 2 and 4,,order2,,,Continue,order2,,,,,,,,,,,,,Continue,BCADFE,Images loaded ok,approve with $2.15 bonus,cheerful,3 - fits quite well
11,1571930586476,24/10/2019 15:23:06,1571930587657,-7,24/10/2019 08:23:07,10365,2,questionnaire-mie5,,3241096,A11ST9LLMHHIF9,899148,,complete,zywnen,,computer,Desktop or Laptop,Windows 10,Chrome 77.0.3865.120,1366x768,1349x768,approve with $2.15 bonus,IPANAT SAMFE,1,words,English_Native,No_Psych,,l_pos,18+,,≥23,≥28,,≥33,,,,,,,,,ACCEPT,,≥38,≥43,≥48,≥53,≥58,≥63,≥68,≤72,,,Responder,,,,,,,,,,,,,,,Continue,,,,,,,,,Orders 2 and 4,,order2,,,Continue,order2,,,,,,,,,,,,,Continue,BCADFE,Images loaded ok,approve with $2.15 bonus,cheerful-quantised,3
12,1571930586476,24/10/2019 15:23:06,1571930587658,-7,24/10/2019 08:23:07,10365,2,questionnaire-mie5,,3241096,A11ST9LLMHHIF9,899148,,complete,zywnen,,computer,Desktop or Laptop,Windows 10,Chrome 77.0.3865.120,1366x768,1349x768,approve with $2.15 bonus,IPANAT SAMFE,1,words,English_Native,No_Psych,,l_pos,18+,,≥23,≥28,,≥33,,,,,,,,,ACCEPT,,≥38,≥43,≥48,≥53,≥58,≥63,≥68,≤72,,,Responder,,,,,,,,,,,,,,,Continue,,,,,,,,,Orders 2 and 4,,order2,,,Continue,order2,,,,,,,,,,,,,Continue,BCADFE,Images loaded ok,approve with $2.15 bonus,inhibited,1 - doesn't fit at all
13,1571930586476,24/10/2019 15:23:06,1571930587659,-7,24/10/2019 08:23:07,10365,2,questionnaire-mie5,,3241096,A11ST9LLMHHIF9,899148,,complete,zywnen,,computer,Desktop or Laptop,Windows 10,Chrome 77.0.3865.120,1366x768,1349x768,approve with $2.15 bonus,IPANAT SAMFE,1,words,English_Native,No_Psych,,l_pos,18+,,≥23,≥28,,≥33,,,,,,,,,ACCEPT,,≥38,≥43,≥48,≥53,≥58,≥63,≥68,≤72,,,Responder,,,,,,,,,,,,,,,Continue,,,,,,,,,Orders 2 and 4,,order2,,,Continue,order2,,,,,,,,,,,,,Continue,BCADFE,Images loaded ok,approve with $2.15 bonus,inhibited-quantised,1
14,1571930586476,24/10/2019 15:23:06,1571930587659,-7,24/10/2019 08:23:07,10365,2,questionnaire-mie5,,3241096,A11ST9LLMHHIF9,899148,,complete,zywnen,,computer,Desktop or Laptop,Windows 10,Chrome 77.0.3865.120,1366x768,1349x768,approve with $2.15 bonus,IPANAT SAMFE,1,words,English_Native,No_Psych,,l_pos,18+,,≥23,≥28,,≥33,,,,,,,,,ACCEPT,,≥38,≥43,≥48,≥53,≥58,≥63,≥68,≤72,,,Responder,,,,,,,,,,,,,,,Continue,,,,,,,,,Orders 2 and 4,,order2,,,Continue,order2,,,,,,,,,,,,,Continue,BCADFE,Images loaded ok,approve with $2.15 bonus,END QUESTIONNAIRE,21433
1,1571930567469,24/10/2019 15:22:47,1571930566999,-7,24/10/2019 08:22:46,10365,2,questionnaire-mie5,,3241097,ABX5OQLR6UNBC,899136,,complete,ojqkxh,,computer,Desktop or Laptop,Windows 10,Chrome 77.0.3865.120,1600x900,1584x748,approve with $2.15 bonus,IPANAT SAMFE,1,words,English_Native,No_Psych,,l_pos,18+,,≥23,≥28,,≥33,,,,ACCEPT,,,,,,,≥38,≥43,≤47,,,,,,,,Responder,,,,,,,,,,,,,,,Continue,,,,,,,,,Orders 7 and 9,,,,,,,,,,order7,,,order9,,,Continue,,,Continue,ABFCED,Images loaded ok,approve with $2.15 bonus,BEGIN QUESTIONNAIRE,
2,1571930588102,24/10/2019 15:23:08,1571930587690,-7,24/10/2019 08:23:07,10365,2,questionnaire-mie5,,3241097,ABX5OQLR6UNBC,899136,,complete,ojqkxh,,computer,Desktop or Laptop,Windows 10,Chrome 77.0.3865.120,1600x900,1567x748,approve with $2.15 bonus,IPANAT SAMFE,1,words,English_Native,No_Psych,,l_pos,18+,,≥23,≥28,,≥33,,,,ACCEPT,,,,,,,≥38,≥43,≤47,,,,,,,,Responder,,,,,,,,,,,,,,,Continue,,,,,,,,,Orders 7 and 9,,,,,,,,,,order7,,,order9,,,Continue,,,Continue,ABFCED,Images loaded ok,approve with $2.15 bonus,happy,3 - fits quite well
3,1571930588288,24/10/2019 15:23:08,1571930587692,-7,24/10/2019 08:23:07,10365,2,questionnaire-mie5,,3241097,ABX5OQLR6UNBC,899136,,complete,ojqkxh,,computer,Desktop or Laptop,Windows 10,Chrome 77.0.3865.120,1600x900,1567x748,approve with $2.15 bonus,IPANAT SAMFE,1,words,English_Native,No_Psych,,l_pos,18+,,≥23,≥28,,≥33,,,,ACCEPT,,,,,,,≥38,≥43,≤47,,,,,,,,Responder,,,,,,,,,,,,,,,Continue,,,,,,,,,Orders 7 and 9,,,,,,,,,,order7,,,order9,,,Continue,,,Continue,ABFCED,Images loaded ok,approve with $2.15 bonus,happy-quantised,3
4,1571930588288,24/10/2019 15:23:08,1571930587692,-7,24/10/2019 08:23:07,10365,2,questionnaire-mie5,,3241097,ABX5OQLR6UNBC,899136,,complete,ojqkxh,,computer,Desktop or Laptop,Windows 10,Chrome 77.0.3865.120,1600x900,1567x748,approve with $2.15 bonus,IPANAT SAMFE,1,words,English_Native,No_Psych,,l_pos,18+,,≥23,≥28,,≥33,,,,ACCEPT,,,,,,,≥38,≥43,≤47,,,,,,,,Responder,,,,,,,,,,,,,,,Continue,,,,,,,,,Orders 7 and 9,,,,,,,,,,order7,,,order9,,,Continue,,,Continue,ABFCED,Images loaded ok,approve with $2.15 bonus,helpless,1 - doesn't fit at all
5,1571930588288,24/10/2019 15:23:08,1571930587693,-7,24/10/2019 08:23:07,10365,2,questionnaire-mie5,,3241097,ABX5OQLR6UNBC,899136,,complete,ojqkxh,,computer,Desktop or Laptop,Windows 10,Chrome 77.0.3865.120,1600x900,1567x748,approve with $2.15 bonus,IPANAT SAMFE,1,words,English_Native,No_Psych,,l_pos,18+,,≥23,≥28,,≥33,,,,ACCEPT,,,,,,,≥38,≥43,≤47,,,,,,,,Responder,,,,,,,,,,,,,,,Continue,,,,,,,,,Orders 7 and 9,,,,,,,,,,order7,,,order9,,,Continue,,,Continue,ABFCED,Images loaded ok,approve with $2.15 bonus,helpless-quantised,1
6,1571930588288,24/10/2019 15:23:08,1571930587693,-7,24/10/2019 08:23:07,10365,2,questionnaire-mie5,,3241097,ABX5OQLR6UNBC,899136,,complete,ojqkxh,,computer,Desktop or Laptop,Windows 10,Chrome 77.0.3865.120,1600x900,1567x748,approve with $2.15 bonus,IPANAT SAMFE,1,words,English_Native,No_Psych,,l_pos,18+,,≥23,≥28,,≥33,,,,ACCEPT,,,,,,,≥38,≥43,≤47,,,,,,,,Responder,,,,,,,,,,,,,,,Continue,,,,,,,,,Orders 7 and 9,,,,,,,,,,order7,,,order9,,,Continue,,,Continue,ABFCED,Images loaded ok,approve with $2.15 bonus,energetic,1 - doesn't fit at all
7,1571930588288,24/10/2019 15:23:08,1571930587693,-7,24/10/2019 08:23:07,10365,2,questionnaire-mie5,,3241097,ABX5OQLR6UNBC,899136,,complete,ojqkxh,,computer,Desktop or Laptop,Windows 10,Chrome 77.0.3865.120,1600x900,1567x748,approve with $2.15 bonus,IPANAT SAMFE,1,words,English_Native,No_Psych,,l_pos,18+,,≥23,≥28,,≥33,,,,ACCEPT,,,,,,,≥38,≥43,≤47,,,,,,,,Responder,,,,,,,,,,,,,,,Continue,,,,,,,,,Orders 7 and 9,,,,,,,,,,order7,,,order9,,,Continue,,,Continue,ABFCED,Images loaded ok,approve with $2.15 bonus,energetic-quantised,1
8,1571930588288,24/10/2019 15:23:08,1571930587693,-7,24/10/2019 08:23:07,10365,2,questionnaire-mie5,,3241097,ABX5OQLR6UNBC,899136,,complete,ojqkxh,,computer,Desktop or Laptop,Windows 10,Chrome 77.0.3865.120,1600x900,1567x748,approve with $2.15 bonus,IPANAT SAMFE,1,words,English_Native,No_Psych,,l_pos,18+,,≥23,≥28,,≥33,,,,ACCEPT,,,,,,,≥38,≥43,≤47,,,,,,,,Responder,,,,,,,,,,,,,,,Continue,,,,,,,,,Orders 7 and 9,,,,,,,,,,order7,,,order9,,,Continue,,,Continue,ABFCED,Images loaded ok,approve with $2.15 bonus,tense,1 - doesn't fit at all
9,1571930588288,24/10/2019 15:23:08,1571930587693,-7,24/10/2019 08:23:07,10365,2,questionnaire-mie5,,3241097,ABX5OQLR6UNBC,899136,,complete,ojqkxh,,computer,Desktop or Laptop,Windows 10,Chrome 77.0.3865.120,1600x900,1567x748,approve with $2.15 bonus,IPANAT SAMFE,1,words,English_Native,No_Psych,,l_pos,18+,,≥23,≥28,,≥33,,,,ACCEPT,,,,,,,≥38,≥43,≤47,,,,,,,,Responder,,,,,,,,,,,,,,,Continue,,,,,,,,,Orders 7 and 9,,,,,,,,,,order7,,,order9,,,Continue,,,Continue,ABFCED,Images loaded ok,approve with $2.15 bonus,tense-quantised,1
10,1571930588288,24/10/2019 15:23:08,1571930587694,-7,24/10/2019 08:23:07,10365,2,questionnaire-mie5,,3241097,ABX5OQLR6UNBC,899136,,complete,ojqkxh,,computer,Desktop or Laptop,Windows 10,Chrome 77.0.3865.120,1600x900,1567x748,approve with $2.15 bonus,IPANAT SAMFE,1,words,English_Native,No_Psych,,l_pos,18+,,≥23,≥28,,≥33,,,,ACCEPT,,,,,,,≥38,≥43,≤47,,,,,,,,Responder,,,,,,,,,,,,,,,Continue,,,,,,,,,Orders 7 and 9,,,,,,,,,,order7,,,order9,,,Continue,,,Continue,ABFCED,Images loaded ok,approve with $2.15 bonus,cheerful,3 - fits quite well
11,1571930588288,24/10/2019 15:23:08,1571930587694,-7,24/10/2019 08:23:07,10365,2,questionnaire-mie5,,3241097,ABX5OQLR6UNBC,899136,,complete,ojqkxh,,computer,Desktop or Laptop,Windows 10,Chrome 77.0.3865.120,1600x900,1567x748,approve with $2.15 bonus,IPANAT SAMFE,1,words,English_Native,No_Psych,,l_pos,18+,,≥23,≥28,,≥33,,,,ACCEPT,,,,,,,≥38,≥43,≤47,,,,,,,,Responder,,,,,,,,,,,,,,,Continue,,,,,,,,,Orders 7 and 9,,,,,,,,,,order7,,,order9,,,Continue,,,Continue,ABFCED,Images loaded ok,approve with $2.15 bonus,cheerful-quantised,3
12,1571930588288,24/10/2019 15:23:08,1571930587694,-7,24/10/2019 08:23:07,10365,2,questionnaire-mie5,,3241097,ABX5OQLR6UNBC,899136,,complete,ojqkxh,,computer,Desktop or Laptop,Windows 10,Chrome 77.0.3865.120,1600x900,1567x748,approve with $2.15 bonus,IPANAT SAMFE,1,words,English_Native,No_Psych,,l_pos,18+,,≥23,≥28,,≥33,,,,ACCEPT,,,,,,,≥38,≥43,≤47,,,,,,,,Responder,,,,,,,,,,,,,,,Continue,,,,,,,,,Orders 7 and 9,,,,,,,,,,order7,,,order9,,,Continue,,,Continue,ABFCED,Images loaded ok,approve with $2.15 bonus,inhibited,1 - doesn't fit at all
13,1571930588288,24/10/2019 15:23:08,1571930587694,-7,24/10/2019 08:23:07,10365,2,questionnaire-mie5,,3241097,ABX5OQLR6UNBC,899136,,complete,ojqkxh,,computer,Desktop or Laptop,Windows 10,Chrome 77.0.3865.120,1600x900,1567x748,approve with $2.15 bonus,IPANAT SAMFE,1,words,English_Native,No_Psych,,l_pos,18+,,≥23,≥28,,≥33,,,,ACCEPT,,,,,,,≥38,≥43,≤47,,,,,,,,Responder,,,,,,,,,,,,,,,Continue,,,,,,,,,Orders 7 and 9,,,,,,,,,,order7,,,order9,,,Continue,,,Continue,ABFCED,Images loaded ok,approve with $2.15 bonus,inhibited-quantised,1
14,1571930588288,24/10/2019 15:23:08,1571930587694,-7,24/10/2019 08:23:07,10365,2,questionnaire-mie5,,3241097,ABX5OQLR6UNBC,899136,,complete,ojqkxh,,computer,Desktop or Laptop,Windows 10,Chrome 77.0.3865.120,1600x900,1567x748,approve with $2.15 bonus,IPANAT SAMFE,1,words,English_Native,No_Psych,,l_pos,18+,,≥23,≥28,,≥33,,,,ACCEPT,,,,,,,≥38,≥43,≤47,,,,,,,,Responder,,,,,,,,,,,,,,,Continue,,,,,,,,,Orders 7 and 9,,,,,,,,,,order7,,,order9,,,Continue,,,Continue,ABFCED,Images loaded ok,approve with $2.15 bonus,END QUESTIONNAIRE,20696
1,1571930589788,24/10/2019 15:23:09,1571930588836,-4,24/10/2019 11:23:08,10365,2,questionnaire-mie5,,3241106,AKMIORNF40ST7,899145,,complete,ayakyi,,computer,Desktop or Laptop,Windows 10,Firefox 69.0,1536x864,1536x750,approve with $2.15 bonus,IPANAT SAMFE,1,words,English_Native,No_Psych,,l_pos,18+,,≥23,≥28,,≥33,,,,ACCEPT,,,,,,,≥38,≥43,≤47,,,,,,,,Responder,,,,,,,,,,,,,,,Continue,,,,,,,,,Orders 5 and 6,,,,,,,order5,order6,Continue,,,,,,,,,,Continue,FAEBDC,Images loaded ok,approve with $2.15 bonus,BEGIN QUESTIONNAIRE,
2,1571930595370,24/10/2019 15:23:15,1571930594436,-4,24/10/2019 11:23:14,10365,2,questionnaire-mie5,,3241106,AKMIORNF40ST7,899145,,complete,ayakyi,,computer,Desktop or Laptop,Windows 10,Firefox 69.0,1536x864,1519x750,approve with $2.15 bonus,IPANAT SAMFE,1,words,English_Native,No_Psych,,l_pos,18+,,≥23,≥28,,≥33,,,,ACCEPT,,,,,,,≥38,≥43,≤47,,,,,,,,Responder,,,,,,,,,,,,,,,Continue,,,,,,,,,Orders 5 and 6,,,,,,,order5,order6,Continue,,,,,,,,,,Continue,FAEBDC,Images loaded ok,approve with $2.15 bonus,happy,3 - fits quite well
3,1571930595557,24/10/2019 15:23:15,1571930594438,-4,24/10/2019 11:23:14,10365,2,questionnaire-mie5,,3241106,AKMIORNF40ST7,899145,,complete,ayakyi,,computer,Desktop or Laptop,Windows 10,Firefox 69.0,1536x864,1519x750,approve with $2.15 bonus,IPANAT SAMFE,1,words,English_Native,No_Psych,,l_pos,18+,,≥23,≥28,,≥33,,,,ACCEPT,,,,,,,≥38,≥43,≤47,,,,,,,,Responder,,,,,,,,,,,,,,,Continue,,,,,,,,,Orders 5 and 6,,,,,,,order5,order6,Continue,,,,,,,,,,Continue,FAEBDC,Images loaded ok,approve with $2.15 bonus,happy-quantised,3
4,1571930595557,24/10/2019 15:23:15,1571930594438,-4,24/10/2019 11:23:14,10365,2,questionnaire-mie5,,3241106,AKMIORNF40ST7,899145,,complete,ayakyi,,computer,Desktop or Laptop,Windows 10,Firefox 69.0,1536x864,1519x750,approve with $2.15 bonus,IPANAT SAMFE,1,words,English_Native,No_Psych,,l_pos,18+,,≥23,≥28,,≥33,,,,ACCEPT,,,,,,,≥38,≥43,≤47,,,,,,,,Responder,,,,,,,,,,,,,,,Continue,,,,,,,,,Orders 5 and 6,,,,,,,order5,order6,Continue,,,,,,,,,,Continue,FAEBDC,Images loaded ok,approve with $2.15 bonus,helpless,3 - fits quite well
5,1571930595557,24/10/2019 15:23:15,1571930594439,-4,24/10/2019 11:23:14,10365,2,questionnaire-mie5,,3241106,AKMIORNF40ST7,899145,,complete,ayakyi,,computer,Desktop or Laptop,Windows 10,Firefox 69.0,1536x864,1519x750,approve with $2.15 bonus,IPANAT SAMFE,1,words,English_Native,No_Psych,,l_pos,18+,,≥23,≥28,,≥33,,,,ACCEPT,,,,,,,≥38,≥43,≤47,,,,,,,,Responder,,,,,,,,,,,,,,,Continue,,,,,,,,,Orders 5 and 6,,,,,,,order5,order6,Continue,,,,,,,,,,Continue,FAEBDC,Images loaded ok,approve with $2.15 bonus,helpless-quantised,3
6,1571930595557,24/10/2019 15:23:15,1571930594439,-4,24/10/2019 11:23:14,10365,2,questionnaire-mie5,,3241106,AKMIORNF40ST7,899145,,complete,ayakyi,,computer,Desktop or Laptop,Windows 10,Firefox 69.0,1536x864,1519x750,approve with $2.15 bonus,IPANAT SAMFE,1,words,English_Native,No_Psych,,l_pos,18+,,≥23,≥28,,≥33,,,,ACCEPT,,,,,,,≥38,≥43,≤47,,,,,,,,Responder,,,,,,,,,,,,,,,Continue,,,,,,,,,Orders 5 and 6,,,,,,,order5,order6,Continue,,,,,,,,,,Continue,FAEBDC,Images loaded ok,approve with $2.15 bonus,energetic,3 - fits quite well
7,1571930595557,24/10/2019 15:23:15,1571930594439,-4,24/10/2019 11:23:14,10365,2,questionnaire-mie5,,3241106,AKMIORNF40ST7,899145,,complete,ayakyi,,computer,Desktop or Laptop,Windows 10,Firefox 69.0,1536x864,1519x750,approve with $2.15 bonus,IPANAT SAMFE,1,words,English_Native,No_Psych,,l_pos,18+,,≥23,≥28,,≥33,,,,ACCEPT,,,,,,,≥38,≥43,≤47,,,,,,,,Responder,,,,,,,,,,,,,,,Continue,,,,,,,,,Orders 5 and 6,,,,,,,order5,order6,Continue,,,,,,,,,,Continue,FAEBDC,Images loaded ok,approve with $2.15 bonus,energetic-quantised,3
8,1571930595557,24/10/2019 15:23:15,1571930594439,-4,24/10/2019 11:23:14,10365,2,questionnaire-mie5,,3241106,AKMIORNF40ST7,899145,,complete,ayakyi,,computer,Desktop or Laptop,Windows 10,Firefox 69.0,1536x864,1519x750,approve with $2.15 bonus,IPANAT SAMFE,1,words,English_Native,No_Psych,,l_pos,18+,,≥23,≥28,,≥33,,,,ACCEPT,,,,,,,≥38,≥43,≤47,,,,,,,,Responder,,,,,,,,,,,,,,,Continue,,,,,,,,,Orders 5 and 6,,,,,,,order5,order6,Continue,,,,,,,,,,Continue,FAEBDC,Images loaded ok,approve with $2.15 bonus,tense,3 - fits quite well
9,1571930595557,24/10/2019 15:23:15,1571930594439,-4,24/10/2019 11:23:14,10365,2,questionnaire-mie5,,3241106,AKMIORNF40ST7,899145,,complete,ayakyi,,computer,Desktop or Laptop,Windows 10,Firefox 69.0,1536x864,1519x750,approve with $2.15 bonus,IPANAT SAMFE,1,words,English_Native,No_Psych,,l_pos,18+,,≥23,≥28,,≥33,,,,ACCEPT,,,,,,,≥38,≥43,≤47,,,,,,,,Responder,,,,,,,,,,,,,,,Continue,,,,,,,,,Orders 5 and 6,,,,,,,order5,order6,Continue,,,,,,,,,,Continue,FAEBDC,Images loaded ok,approve with $2.15 bonus,tense-quantised,3
10,1571930595557,24/10/2019 15:23:15,1571930594440,-4,24/10/2019 11:23:14,10365,2,questionnaire-mie5,,3241106,AKMIORNF40ST7,899145,,complete,ayakyi,,computer,Desktop or Laptop,Windows 10,Firefox 69.0,1536x864,1519x750,approve with $2.15 bonus,IPANAT SAMFE,1,words,English_Native,No_Psych,,l_pos,18+,,≥23,≥28,,≥33,,,,ACCEPT,,,,,,,≥38,≥43,≤47,,,,,,,,Responder,,,,,,,,,,,,,,,Continue,,,,,,,,,Orders 5 and 6,,,,,,,order5,order6,Continue,,,,,,,,,,Continue,FAEBDC,Images loaded ok,approve with $2.15 bonus,cheerful,3 - fits quite well
11,1571930595557,24/10/2019 15:23:15,1571930594441,-4,24/10/2019 11:23:14,10365,2,questionnaire-mie5,,3241106,AKMIORNF40ST7,899145,,complete,ayakyi,,computer,Desktop or Laptop,Windows 10,Firefox 69.0,1536x864,1519x750,approve with $2.15 bonus,IPANAT SAMFE,1,words,English_Native,No_Psych,,l_pos,18+,,≥23,≥28,,≥33,,,,ACCEPT,,,,,,,≥38,≥43,≤47,,,,,,,,Responder,,,,,,,,,,,,,,,Continue,,,,,,,,,Orders 5 and 6,,,,,,,order5,order6,Continue,,,,,,,,,,Continue,FAEBDC,Images loaded ok,approve with $2.15 bonus,cheerful-quantised,3
12,1571930595557,24/10/2019 15:23:15,1571930594441,-4,24/10/2019 11:23:14,10365,2,questionnaire-mie5,,3241106,AKMIORNF40ST7,899145,,complete,ayakyi,,computer,Desktop or Laptop,Windows 10,Firefox 69.0,1536x864,1519x750,approve with $2.15 bonus,IPANAT SAMFE,1,words,English_Native,No_Psych,,l_pos,18+,,≥23,≥28,,≥33,,,,ACCEPT,,,,,,,≥38,≥43,≤47,,,,,,,,Responder,,,,,,,,,,,,,,,Continue,,,,,,,,,Orders 5 and 6,,,,,,,order5,order6,Continue,,,,,,,,,,Continue,FAEBDC,Images loaded ok,approve with $2.15 bonus,inhibited,3 - fits quite well
13,1571930595557,24/10/2019 15:23:15,1571930594442,-4,24/10/2019 11:23:14,10365,2,questionnaire-mie5,,3241106,AKMIORNF40ST7,899145,,complete,ayakyi,,computer,Desktop or Laptop,Windows 10,Firefox 69.0,1536x864,1519x750,approve with $2.15 bonus,IPANAT SAMFE,1,words,English_Native,No_Psych,,l_pos,18+,,≥23,≥28,,≥33,,,,ACCEPT,,,,,,,≥38,≥43,≤47,,,,,,,,Responder,,,,,,,,,,,,,,,Continue,,,,,,,,,Orders 5 and 6,,,,,,,order5,order6,Continue,,,,,,,,,,Continue,FAEBDC,Images loaded ok,approve with $2.15 bonus,inhibited-quantised,3
14,1571930595557,24/10/2019 15:23:15,1571930594442,-4,24/10/2019 11:23:14,10365,2,questionnaire-mie5,,3241106,AKMIORNF40ST7,899145,,complete,ayakyi,,computer,Desktop or Laptop,Windows 10,Firefox 69.0,1536x864,1519x750,approve with $2.15 bonus,IPANAT SAMFE,1,words,English_Native,No_Psych,,l_pos,18+,,≥23,≥28,,≥33,,,,ACCEPT,,,,,,,≥38,≥43,≤47,,,,,,,,Responder,,,,,,,,,,,,,,,Continue,,,,,,,,,Orders 5 and 6,,,,,,,order5,order6,Continue,,,,,,,,,,Continue,FAEBDC,Images loaded ok,approve with $2.15 bonus,END QUESTIONNAIRE,5606
1,1571930652566,24/10/2019 15:24:12,1571930653313,-7,24/10/2019 08:24:13,10365,2,questionnaire-mie5,,3241133,1t2je5zr,899149,,complete,ketezg,,computer,Desktop or Laptop,Windows 7,Firefox 69.0,1024x768,1024x608,approve with $2.15 bonus,IPANAT SAMFE,1,words,English_Native,No_Psych,Responder,a_pos,18+,,≥23,≥28,,≥33,,,,ACCEPT,,,,,,,≥38,≥43,≤47,,,,,,,,,,,,Orders 7 and 9,,,order7,,,,,,,,Continue,order9,,,,,,,Continue,,,,,,,,,,,,,,,,,,,,Continue,CDBEAF,Images loaded ok,approve with $2.15 bonus,BEGIN QUESTIONNAIRE,
2,1571930667197,24/10/2019 15:24:27,1571930668042,-7,24/10/2019 08:24:28,10365,2,questionnaire-mie5,,3241133,1t2je5zr,899149,,complete,ketezg,,computer,Desktop or Laptop,Windows 7,Firefox 69.0,1024x768,1008x608,approve with $2.15 bonus,IPANAT SAMFE,1,words,English_Native,No_Psych,Responder,a_pos,18+,,≥23,≥28,,≥33,,,,ACCEPT,,,,,,,≥38,≥43,≤47,,,,,,,,,,,,Orders 7 and 9,,,order7,,,,,,,,Continue,order9,,,,,,,Continue,,,,,,,,,,,,,,,,,,,,Continue,CDBEAF,Images loaded ok,approve with $2.15 bonus,happy,2 - fits somewhat
3,1571930667400,24/10/2019 15:24:27,1571930668046,-7,24/10/2019 08:24:28,10365,2,questionnaire-mie5,,3241133,1t2je5zr,899149,,complete,ketezg,,computer,Desktop or Laptop,Windows 7,Firefox 69.0,1024x768,1008x608,approve with $2.15 bonus,IPANAT SAMFE,1,words,English_Native,No_Psych,Responder,a_pos,18+,,≥23,≥28,,≥33,,,,ACCEPT,,,,,,,≥38,≥43,≤47,,,,,,,,,,,,Orders 7 and 9,,,order7,,,,,,,,Continue,order9,,,,,,,Continue,,,,,,,,,,,,,,,,,,,,Continue,CDBEAF,Images loaded ok,approve with $2.15 bonus,happy-quantised,2
4,1571930667400,24/10/2019 15:24:27,1571930668046,-7,24/10/2019 08:24:28,10365,2,questionnaire-mie5,,3241133,1t2je5zr,899149,,complete,ketezg,,computer,Desktop or Laptop,Windows 7,Firefox 69.0,1024x768,1008x608,approve with $2.15 bonus,IPANAT SAMFE,1,words,English_Native,No_Psych,Responder,a_pos,18+,,≥23,≥28,,≥33,,,,ACCEPT,,,,,,,≥38,≥43,≤47,,,,,,,,,,,,Orders 7 and 9,,,order7,,,,,,,,Continue,order9,,,,,,,Continue,,,,,,,,,,,,,,,,,,,,Continue,CDBEAF,Images loaded ok,approve with $2.15 bonus,helpless,1 - doesn't fit at all
5,1571930667400,24/10/2019 15:24:27,1571930668046,-7,24/10/2019 08:24:28,10365,2,questionnaire-mie5,,3241133,1t2je5zr,899149,,complete,ketezg,,computer,Desktop or Laptop,Windows 7,Firefox 69.0,1024x768,1008x608,approve with $2.15 bonus,IPANAT SAMFE,1,words,English_Native,No_Psych,Responder,a_pos,18+,,≥23,≥28,,≥33,,,,ACCEPT,,,,,,,≥38,≥43,≤47,,,,,,,,,,,,Orders 7 and 9,,,order7,,,,,,,,Continue,order9,,,,,,,Continue,,,,,,,,,,,,,,,,,,,,Continue,CDBEAF,Images loaded ok,approve with $2.15 bonus,helpless-quantised,1
6,1571930667400,24/10/2019 15:24:27,1571930668046,-7,24/10/2019 08:24:28,10365,2,questionnaire-mie5,,3241133,1t2je5zr,899149,,complete,ketezg,,computer,Desktop or Laptop,Windows 7,Firefox 69.0,1024x768,1008x608,approve with $2.15 bonus,IPANAT SAMFE,1,words,English_Native,No_Psych,Responder,a_pos,18+,,≥23,≥28,,≥33,,,,ACCEPT,,,,,,,≥38,≥43,≤47,,,,,,,,,,,,Orders 7 and 9,,,order7,,,,,,,,Continue,order9,,,,,,,Continue,,,,,,,,,,,,,,,,,,,,Continue,CDBEAF,Images loaded ok,approve with $2.15 bonus,energetic,2 - fits somewhat
7,1571930667400,24/10/2019 15:24:27,1571930668048,-7,24/10/2019 08:24:28,10365,2,questionnaire-mie5,,3241133,1t2je5zr,899149,,complete,ketezg,,computer,Desktop or Laptop,Windows 7,Firefox 69.0,1024x768,1008x608,approve with $2.15 bonus,IPANAT SAMFE,1,words,English_Native,No_Psych,Responder,a_pos,18+,,≥23,≥28,,≥33,,,,ACCEPT,,,,,,,≥38,≥43,≤47,,,,,,,,,,,,Orders 7 and 9,,,order7,,,,,,,,Continue,order9,,,,,,,Continue,,,,,,,,,,,,,,,,,,,,Continue,CDBEAF,Images loaded ok,approve with $2.15 bonus,energetic-quantised,2
8,1571930667400,24/10/2019 15:24:27,1571930668048,-7,24/10/2019 08:24:28,10365,2,questionnaire-mie5,,3241133,1t2je5zr,899149,,complete,ketezg,,computer,Desktop or Laptop,Windows 7,Firefox 69.0,1024x768,1008x608,approve with $2.15 bonus,IPANAT SAMFE,1,words,English_Native,No_Psych,Responder,a_pos,18+,,≥23,≥28,,≥33,,,,ACCEPT,,,,,,,≥38,≥43,≤47,,,,,,,,,,,,Orders 7 and 9,,,order7,,,,,,,,Continue,order9,,,,,,,Continue,,,,,,,,,,,,,,,,,,,,Continue,CDBEAF,Images loaded ok,approve with $2.15 bonus,tense,1 - doesn't fit at all
9,1571930667400,24/10/2019 15:24:27,1571930668048,-7,24/10/2019 08:24:28,10365,2,questionnaire-mie5,,3241133,1t2je5zr,899149,,complete,ketezg,,computer,Desktop or Laptop,Windows 7,Firefox 69.0,1024x768,1008x608,approve with $2.15 bonus,IPANAT SAMFE,1,words,English_Native,No_Psych,Responder,a_pos,18+,,≥23,≥28,,≥33,,,,ACCEPT,,,,,,,≥38,≥43,≤47,,,,,,,,,,,,Orders 7 and 9,,,order7,,,,,,,,Continue,order9,,,,,,,Continue,,,,,,,,,,,,,,,,,,,,Continue,CDBEAF,Images loaded ok,approve with $2.15 bonus,tense-quantised,1
10,1571930667400,24/10/2019 15:24:27,1571930668048,-7,24/10/2019 08:24:28,10365,2,questionnaire-mie5,,3241133,1t2je5zr,899149,,complete,ketezg,,computer,Desktop or Laptop,Windows 7,Firefox 69.0,1024x768,1008x608,approve with $2.15 bonus,IPANAT SAMFE,1,words,English_Native,No_Psych,Responder,a_pos,18+,,≥23,≥28,,≥33,,,,ACCEPT,,,,,,,≥38,≥43,≤47,,,,,,,,,,,,Orders 7 and 9,,,order7,,,,,,,,Continue,order9,,,,,,,Continue,,,,,,,,,,,,,,,,,,,,Continue,CDBEAF,Images loaded ok,approve with $2.15 bonus,cheerful,2 - fits somewhat
11,1571930667400,24/10/2019 15:24:27,1571930668049,-7,24/10/2019 08:24:28,10365,2,questionnaire-mie5,,3241133,1t2je5zr,899149,,complete,ketezg,,computer,Desktop or Laptop,Windows 7,Firefox 69.0,1024x768,1008x608,approve with $2.15 bonus,IPANAT SAMFE,1,words,English_Native,No_Psych,Responder,a_pos,18+,,≥23,≥28,,≥33,,,,ACCEPT,,,,,,,≥38,≥43,≤47,,,,,,,,,,,,Orders 7 and 9,,,order7,,,,,,,,Continue,order9,,,,,,,Continue,,,,,,,,,,,,,,,,,,,,Continue,CDBEAF,Images loaded ok,approve with $2.15 bonus,cheerful-quantised,2
12,1571930667400,24/10/2019 15:24:27,1571930668050,-7,24/10/2019 08:24:28,10365,2,questionnaire-mie5,,3241133,1t2je5zr,899149,,complete,ketezg,,computer,Desktop or Laptop,Windows 7,Firefox 69.0,1024x768,1008x608,approve with $2.15 bonus,IPANAT SAMFE,1,words,English_Native,No_Psych,Responder,a_pos,18+,,≥23,≥28,,≥33,,,,ACCEPT,,,,,,,≥38,≥43,≤47,,,,,,,,,,,,Orders 7 and 9,,,order7,,,,,,,,Continue,order9,,,,,,,Continue,,,,,,,,,,,,,,,,,,,,Continue,CDBEAF,Images loaded ok,approve with $2.15 bonus,inhibited,1 - doesn't fit at all
13,1571930667400,24/10/2019 15:24:27,1571930668051,-7,24/10/2019 08:24:28,10365,2,questionnaire-mie5,,3241133,1t2je5zr,899149,,complete,ketezg,,computer,Desktop or Laptop,Windows 7,Firefox 69.0,1024x768,1008x608,approve with $2.15 bonus,IPANAT SAMFE,1,words,English_Native,No_Psych,Responder,a_pos,18+,,≥23,≥28,,≥33,,,,ACCEPT,,,,,,,≥38,≥43,≤47,,,,,,,,,,,,Orders 7 and 9,,,order7,,,,,,,,Continue,order9,,,,,,,Continue,,,,,,,,,,,,,,,,,,,,Continue,CDBEAF,Images loaded ok,approve with $2.15 bonus,inhibited-quantised,1
14,1571930667400,24/10/2019 15:24:27,1571930668051,-7,24/10/2019 08:24:28,10365,2,questionnaire-mie5,,3241133,1t2je5zr,899149,,complete,ketezg,,computer,Desktop or Laptop,Windows 7,Firefox 69.0,1024x768,1008x608,approve with $2.15 bonus,IPANAT SAMFE,1,words,English_Native,No_Psych,Responder,a_pos,18+,,≥23,≥28,,≥33,,,,ACCEPT,,,,,,,≥38,≥43,≤47,,,,,,,,,,,,Orders 7 and 9,,,order7,,,,,,,,Continue,order9,,,,,,,Continue,,,,,,,,,,,,,,,,,,,,Continue,CDBEAF,Images loaded ok,approve with $2.15 bonus,END QUESTIONNAIRE,14738
1,1571930728337,24/10/2019 15:25:28,1571930728210,-5,24/10/2019 10:25:28,10365,2,questionnaire-mie5,,3241166,A2PXNSTBTS22EY,899158,,complete,rcogdz,,computer,Desktop or Laptop,Mac OS 10.14.6,Chrome 77.0.3865.120,1440x900,888x766,approve with $2.15 bonus,IPANAT SAMFE,1,words,English_Native,No_Psych,,l_pos,18+,ACCEPT,≤22,,,,,,,,,,,,,,,,,,,,,,,,Responder,,,,,,,,,,,,,,,Continue,,,,,,,,,Orders 1 and 3,order3,,Continue,order1,,,,,,,,,,,,,,,Continue,EFDACB,Images loaded ok,approve with $2.15 bonus,BEGIN QUESTIONNAIRE,
2,1571930742840,24/10/2019 15:25:42,1571930742759,-5,24/10/2019 10:25:42,10365,2,questionnaire-mie5,,3241166,A2PXNSTBTS22EY,899158,,complete,rcogdz,,computer,Desktop or Laptop,Mac OS 10.14.6,Chrome 77.0.3865.120,1440x900,888x766,approve with $2.15 bonus,IPANAT SAMFE,1,words,English_Native,No_Psych,,l_pos,18+,ACCEPT,≤22,,,,,,,,,,,,,,,,,,,,,,,,Responder,,,,,,,,,,,,,,,Continue,,,,,,,,,Orders 1 and 3,order3,,Continue,order1,,,,,,,,,,,,,,,Continue,EFDACB,Images loaded ok,approve with $2.15 bonus,happy,3 - fits quite well
3,1571930742997,24/10/2019 15:25:42,1571930742761,-5,24/10/2019 10:25:42,10365,2,questionnaire-mie5,,3241166,A2PXNSTBTS22EY,899158,,complete,rcogdz,,computer,Desktop or Laptop,Mac OS 10.14.6,Chrome 77.0.3865.120,1440x900,888x766,approve with $2.15 bonus,IPANAT SAMFE,1,words,English_Native,No_Psych,,l_pos,18+,ACCEPT,≤22,,,,,,,,,,,,,,,,,,,,,,,,Responder,,,,,,,,,,,,,,,Continue,,,,,,,,,Orders 1 and 3,order3,,Continue,order1,,,,,,,,,,,,,,,Continue,EFDACB,Images loaded ok,approve with $2.15 bonus,happy-quantised,3
4,1571930742997,24/10/2019 15:25:42,1571930742762,-5,24/10/2019 10:25:42,10365,2,questionnaire-mie5,,3241166,A2PXNSTBTS22EY,899158,,complete,rcogdz,,computer,Desktop or Laptop,Mac OS 10.14.6,Chrome 77.0.3865.120,1440x900,888x766,approve with $2.15 bonus,IPANAT SAMFE,1,words,English_Native,No_Psych,,l_pos,18+,ACCEPT,≤22,,,,,,,,,,,,,,,,,,,,,,,,Responder,,,,,,,,,,,,,,,Continue,,,,,,,,,Orders 1 and 3,order3,,Continue,order1,,,,,,,,,,,,,,,Continue,EFDACB,Images loaded ok,approve with $2.15 bonus,helpless,1 - doesn't fit at all
5,1571930742997,24/10/2019 15:25:42,1571930742762,-5,24/10/2019 10:25:42,10365,2,questionnaire-mie5,,3241166,A2PXNSTBTS22EY,899158,,complete,rcogdz,,computer,Desktop or Laptop,Mac OS 10.14.6,Chrome 77.0.3865.120,1440x900,888x766,approve with $2.15 bonus,IPANAT SAMFE,1,words,English_Native,No_Psych,,l_pos,18+,ACCEPT,≤22,,,,,,,,,,,,,,,,,,,,,,,,Responder,,,,,,,,,,,,,,,Continue,,,,,,,,,Orders 1 and 3,order3,,Continue,order1,,,,,,,,,,,,,,,Continue,EFDACB,Images loaded ok,approve with $2.15 bonus,helpless-quantised,1
6,1571930742997,24/10/2019 15:25:42,1571930742762,-5,24/10/2019 10:25:42,10365,2,questionnaire-mie5,,3241166,A2PXNSTBTS22EY,899158,,complete,rcogdz,,computer,Desktop or Laptop,Mac OS 10.14.6,Chrome 77.0.3865.120,1440x900,888x766,approve with $2.15 bonus,IPANAT SAMFE,1,words,English_Native,No_Psych,,l_pos,18+,ACCEPT,≤22,,,,,,,,,,,,,,,,,,,,,,,,Responder,,,,,,,,,,,,,,,Continue,,,,,,,,,Orders 1 and 3,order3,,Continue,order1,,,,,,,,,,,,,,,Continue,EFDACB,Images loaded ok,approve with $2.15 bonus,energetic,2 - fits somewhat
7,1571930742997,24/10/2019 15:25:42,1571930742762,-5,24/10/2019 10:25:42,10365,2,questionnaire-mie5,,3241166,A2PXNSTBTS22EY,899158,,complete,rcogdz,,computer,Desktop or Laptop,Mac OS 10.14.6,Chrome 77.0.3865.120,1440x900,888x766,approve with $2.15 bonus,IPANAT SAMFE,1,words,English_Native,No_Psych,,l_pos,18+,ACCEPT,≤22,,,,,,,,,,,,,,,,,,,,,,,,Responder,,,,,,,,,,,,,,,Continue,,,,,,,,,Orders 1 and 3,order3,,Continue,order1,,,,,,,,,,,,,,,Continue,EFDACB,Images loaded ok,approve with $2.15 bonus,energetic-quantised,2
8,1571930742997,24/10/2019 15:25:42,1571930742762,-5,24/10/2019 10:25:42,10365,2,questionnaire-mie5,,3241166,A2PXNSTBTS22EY,899158,,complete,rcogdz,,computer,Desktop or Laptop,Mac OS 10.14.6,Chrome 77.0.3865.120,1440x900,888x766,approve with $2.15 bonus,IPANAT SAMFE,1,words,English_Native,No_Psych,,l_pos,18+,ACCEPT,≤22,,,,,,,,,,,,,,,,,,,,,,,,Responder,,,,,,,,,,,,,,,Continue,,,,,,,,,Orders 1 and 3,order3,,Continue,order1,,,,,,,,,,,,,,,Continue,EFDACB,Images loaded ok,approve with $2.15 bonus,END QUESTIONNAIRE,14552
9,1571930742997,24/10/2019 15:25:42,1571930742762,-5,24/10/2019 10:25:42,10365,2,questionnaire-mie5,,3241166,A2PXNSTBTS22EY,899158,,complete,rcogdz,,computer,Desktop or Laptop,Mac OS 10.14.6,Chrome 77.0.3865.120,1440x900,888x766,approve with $2.15 bonus,IPANAT SAMFE,1,words,English_Native,No_Psych,,l_pos,18+,ACCEPT,≤22,,,,,,,,,,,,,,,,,,,,,,,,Responder,,,,,,,,,,,,,,,Continue,,,,,,,,,Orders 1 and 3,order3,,Continue,order1,,,,,,,,,,,,,,,Continue,EFDACB,Images loaded ok,approve with $2.15 bonus,tense-quantised,1
10,1571930742997,24/10/2019 15:25:42,1571930742762,-5,24/10/2019 10:25:42,10365,2,questionnaire-mie5,,3241166,A2PXNSTBTS22EY,899158,,complete,rcogdz,,computer,Desktop or Laptop,Mac OS 10.14.6,Chrome 77.0.3865.120,1440x900,888x766,approve with $2.15 bonus,IPANAT SAMFE,1,words,English_Native,No_Psych,,l_pos,18+,ACCEPT,≤22,,,,,,,,,,,,,,,,,,,,,,,,Responder,,,,,,,,,,,,,,,Continue,,,,,,,,,Orders 1 and 3,order3,,Continue,order1,,,,,,,,,,,,,,,Continue,EFDACB,Images loaded ok,approve with $2.15 bonus,cheerful,3 - fits quite well
11,1571930742997,24/10/2019 15:25:42,1571930742762,-5,24/10/2019 10:25:42,10365,2,questionnaire-mie5,,3241166,A2PXNSTBTS22EY,899158,,complete,rcogdz,,computer,Desktop or Laptop,Mac OS 10.14.6,Chrome 77.0.3865.120,1440x900,888x766,approve with $2.15 bonus,IPANAT SAMFE,1,words,English_Native,No_Psych,,l_pos,18+,ACCEPT,≤22,,,,,,,,,,,,,,,,,,,,,,,,Responder,,,,,,,,,,,,,,,Continue,,,,,,,,,Orders 1 and 3,order3,,Continue,order1,,,,,,,,,,,,,,,Continue,EFDACB,Images loaded ok,approve with $2.15 bonus,cheerful-quantised,3
12,1571930742997,24/10/2019 15:25:42,1571930742762,-5,24/10/2019 10:25:42,10365,2,questionnaire-mie5,,3241166,A2PXNSTBTS22EY,899158,,complete,rcogdz,,computer,Desktop or Laptop,Mac OS 10.14.6,Chrome 77.0.3865.120,1440x900,888x766,approve with $2.15 bonus,IPANAT SAMFE,1,words,English_Native,No_Psych,,l_pos,18+,ACCEPT,≤22,,,,,,,,,,,,,,,,,,,,,,,,Responder,,,,,,,,,,,,,,,Continue,,,,,,,,,Orders 1 and 3,order3,,Continue,order1,,,,,,,,,,,,,,,Continue,EFDACB,Images loaded ok,approve with $2.15 bonus,inhibited,1 - doesn't fit at all
13,1571930742997,24/10/2019 15:25:42,1571930742762,-5,24/10/2019 10:25:42,10365,2,questionnaire-mie5,,3241166,A2PXNSTBTS22EY,899158,,complete,rcogdz,,computer,Desktop or Laptop,Mac OS 10.14.6,Chrome 77.0.3865.120,1440x900,888x766,approve with $2.15 bonus,IPANAT SAMFE,1,words,English_Native,No_Psych,,l_pos,18+,ACCEPT,≤22,,,,,,,,,,,,,,,,,,,,,,,,Responder,,,,,,,,,,,,,,,Continue,,,,,,,,,Orders 1 and 3,order3,,Continue,order1,,,,,,,,,,,,,,,Continue,EFDACB,Images loaded ok,approve with $2.15 bonus,inhibited-quantised,1
14,1571930742997,24/10/2019 15:25:42,1571930742762,-5,24/10/2019 10:25:42,10365,2,questionnaire-mie5,,3241166,A2PXNSTBTS22EY,899158,,complete,rcogdz,,computer,Desktop or Laptop,Mac OS 10.14.6,Chrome 77.0.3865.120,1440x900,888x766,approve with $2.15 bonus,IPANAT SAMFE,1,words,English_Native,No_Psych,,l_pos,18+,ACCEPT,≤22,,,,,,,,,,,,,,,,,,,,,,,,Responder,,,,,,,,,,,,,,,Continue,,,,,,,,,Orders 1 and 3,order3,,Continue,order1,,,,,,,,,,,,,,,Continue,EFDACB,Images loaded ok,approve with $2.15 bonus,tense,1 - doesn't fit at all
1,1571930741294,24/10/2019 15:25:41,1571930740430,-4,24/10/2019 11:25:40,10365,2,questionnaire-mie5,,3241170,A1XOG82RCTNFL7,899156,,complete,rinsqc,,computer,Desktop or Laptop,Windows 10,Firefox 70.0,1536x864,1536x750,approve with $2.15 bonus,IPANAT SAMFE,1,words,English_Native,No_Psych,Responder,a_pos,18+,,≥23,≥28,,≤32,ACCEPT,,,,,,,,,,,,,,,,,,,,,,,,Orders 5 and 6,,order6,,,,,,,,,Continue,,,,order6,,,Continue,,,,,,,,,,,,,,,,,,,,,Continue,DECFBA,Images loaded ok,approve with $2.15 bonus,BEGIN QUESTIONNAIRE,
2,1571930757447,24/10/2019 15:25:57,1571930756627,-4,24/10/2019 11:25:56,10365,2,questionnaire-mie5,,3241170,A1XOG82RCTNFL7,899156,,complete,rinsqc,,computer,Desktop or Laptop,Windows 10,Firefox 70.0,1536x864,1519x750,approve with $2.15 bonus,IPANAT SAMFE,1,words,English_Native,No_Psych,Responder,a_pos,18+,,≥23,≥28,,≤32,ACCEPT,,,,,,,,,,,,,,,,,,,,,,,,Orders 5 and 6,,order6,,,,,,,,,Continue,,,,order6,,,Continue,,,,,,,,,,,,,,,,,,,,,Continue,DECFBA,Images loaded ok,approve with $2.15 bonus,happy,4 - fits very well
3,1571930757666,24/10/2019 15:25:57,1571930756630,-4,24/10/2019 11:25:56,10365,2,questionnaire-mie5,,3241170,A1XOG82RCTNFL7,899156,,complete,rinsqc,,computer,Desktop or Laptop,Windows 10,Firefox 70.0,1536x864,1519x750,approve with $2.15 bonus,IPANAT SAMFE,1,words,English_Native,No_Psych,Responder,a_pos,18+,,≥23,≥28,,≤32,ACCEPT,,,,,,,,,,,,,,,,,,,,,,,,Orders 5 and 6,,order6,,,,,,,,,Continue,,,,order6,,,Continue,,,,,,,,,,,,,,,,,,,,,Continue,DECFBA,Images loaded ok,approve with $2.15 bonus,happy-quantised,4
4,1571930757666,24/10/2019 15:25:57,1571930756631,-4,24/10/2019 11:25:56,10365,2,questionnaire-mie5,,3241170,A1XOG82RCTNFL7,899156,,complete,rinsqc,,computer,Desktop or Laptop,Windows 10,Firefox 70.0,1536x864,1519x750,approve with $2.15 bonus,IPANAT SAMFE,1,words,English_Native,No_Psych,Responder,a_pos,18+,,≥23,≥28,,≤32,ACCEPT,,,,,,,,,,,,,,,,,,,,,,,,Orders 5 and 6,,order6,,,,,,,,,Continue,,,,order6,,,Continue,,,,,,,,,,,,,,,,,,,,,Continue,DECFBA,Images loaded ok,approve with $2.15 bonus,helpless,1 - doesn't fit at all
5,1571930757666,24/10/2019 15:25:57,1571930756631,-4,24/10/2019 11:25:56,10365,2,questionnaire-mie5,,3241170,A1XOG82RCTNFL7,899156,,complete,rinsqc,,computer,Desktop or Laptop,Windows 10,Firefox 70.0,1536x864,1519x750,approve with $2.15 bonus,IPANAT SAMFE,1,words,English_Native,No_Psych,Responder,a_pos,18+,,≥23,≥28,,≤32,ACCEPT,,,,,,,,,,,,,,,,,,,,,,,,Orders 5 and 6,,order6,,,,,,,,,Continue,,,,order6,,,Continue,,,,,,,,,,,,,,,,,,,,,Continue,DECFBA,Images loaded ok,approve with $2.15 bonus,helpless-quantised,1
6,1571930757666,24/10/2019 15:25:57,1571930756631,-4,24/10/2019 11:25:56,10365,2,questionnaire-mie5,,3241170,A1XOG82RCTNFL7,899156,,complete,rinsqc,,computer,Desktop or Laptop,Windows 10,Firefox 70.0,1536x864,1519x750,approve with $2.15 bonus,IPANAT SAMFE,1,words,English_Native,No_Psych,Responder,a_pos,18+,,≥23,≥28,,≤32,ACCEPT,,,,,,,,,,,,,,,,,,,,,,,,Orders 5 and 6,,order6,,,,,,,,,Continue,,,,order6,,,Continue,,,,,,,,,,,,,,,,,,,,,Continue,DECFBA,Images loaded ok,approve with $2.15 bonus,energetic,2 - fits somewhat
7,1571930757666,24/10/2019 15:25:57,1571930756631,-4,24/10/2019 11:25:56,10365,2,questionnaire-mie5,,3241170,A1XOG82RCTNFL7,899156,,complete,rinsqc,,computer,Desktop or Laptop,Windows 10,Firefox 70.0,1536x864,1519x750,approve with $2.15 bonus,IPANAT SAMFE,1,words,English_Native,No_Psych,Responder,a_pos,18+,,≥23,≥28,,≤32,ACCEPT,,,,,,,,,,,,,,,,,,,,,,,,Orders 5 and 6,,order6,,,,,,,,,Continue,,,,order6,,,Continue,,,,,,,,,,,,,,,,,,,,,Continue,DECFBA,Images loaded ok,approve with $2.15 bonus,energetic-quantised,2
8,1571930757666,24/10/2019 15:25:57,1571930756631,-4,24/10/2019 11:25:56,10365,2,questionnaire-mie5,,3241170,A1XOG82RCTNFL7,899156,,complete,rinsqc,,computer,Desktop or Laptop,Windows 10,Firefox 70.0,1536x864,1519x750,approve with $2.15 bonus,IPANAT SAMFE,1,words,English_Native,No_Psych,Responder,a_pos,18+,,≥23,≥28,,≤32,ACCEPT,,,,,,,,,,,,,,,,,,,,,,,,Orders 5 and 6,,order6,,,,,,,,,Continue,,,,order6,,,Continue,,,,,,,,,,,,,,,,,,,,,Continue,DECFBA,Images loaded ok,approve with $2.15 bonus,END QUESTIONNAIRE,16201
9,1571930757666,24/10/2019 15:25:57,1571930756631,-4,24/10/2019 11:25:56,10365,2,questionnaire-mie5,,3241170,A1XOG82RCTNFL7,899156,,complete,rinsqc,,computer,Desktop or Laptop,Windows 10,Firefox 70.0,1536x864,1519x750,approve with $2.15 bonus,IPANAT SAMFE,1,words,English_Native,No_Psych,Responder,a_pos,18+,,≥23,≥28,,≤32,ACCEPT,,,,,,,,,,,,,,,,,,,,,,,,Orders 5 and 6,,order6,,,,,,,,,Continue,,,,order6,,,Continue,,,,,,,,,,,,,,,,,,,,,Continue,DECFBA,Images loaded ok,approve with $2.15 bonus,tense-quantised,1
10,1571930757666,24/10/2019 15:25:57,1571930756631,-4,24/10/2019 11:25:56,10365,2,questionnaire-mie5,,3241170,A1XOG82RCTNFL7,899156,,complete,rinsqc,,computer,Desktop or Laptop,Windows 10,Firefox 70.0,1536x864,1519x750,approve with $2.15 bonus,IPANAT SAMFE,1,words,English_Native,No_Psych,Responder,a_pos,18+,,≥23,≥28,,≤32,ACCEPT,,,,,,,,,,,,,,,,,,,,,,,,Orders 5 and 6,,order6,,,,,,,,,Continue,,,,order6,,,Continue,,,,,,,,,,,,,,,,,,,,,Continue,DECFBA,Images loaded ok,approve with $2.15 bonus,cheerful,3 - fits quite well
11,1571930757666,24/10/2019 15:25:57,1571930756631,-4,24/10/2019 11:25:56,10365,2,questionnaire-mie5,,3241170,A1XOG82RCTNFL7,899156,,complete,rinsqc,,computer,Desktop or Laptop,Windows 10,Firefox 70.0,1536x864,1519x750,approve with $2.15 bonus,IPANAT SAMFE,1,words,English_Native,No_Psych,Responder,a_pos,18+,,≥23,≥28,,≤32,ACCEPT,,,,,,,,,,,,,,,,,,,,,,,,Orders 5 and 6,,order6,,,,,,,,,Continue,,,,order6,,,Continue,,,,,,,,,,,,,,,,,,,,,Continue,DECFBA,Images loaded ok,approve with $2.15 bonus,cheerful-quantised,3
12,1571930757666,24/10/2019 15:25:57,1571930756631,-4,24/10/2019 11:25:56,10365,2,questionnaire-mie5,,3241170,A1XOG82RCTNFL7,899156,,complete,rinsqc,,computer,Desktop or Laptop,Windows 10,Firefox 70.0,1536x864,1519x750,approve with $2.15 bonus,IPANAT SAMFE,1,words,English_Native,No_Psych,Responder,a_pos,18+,,≥23,≥28,,≤32,ACCEPT,,,,,,,,,,,,,,,,,,,,,,,,Orders 5 and 6,,order6,,,,,,,,,Continue,,,,order6,,,Continue,,,,,,,,,,,,,,,,,,,,,Continue,DECFBA,Images loaded ok,approve with $2.15 bonus,inhibited,1 - doesn't fit at all
13,1571930757666,24/10/2019 15:25:57,1571930756631,-4,24/10/2019 11:25:56,10365,2,questionnaire-mie5,,3241170,A1XOG82RCTNFL7,899156,,complete,rinsqc,,computer,Desktop or Laptop,Windows 10,Firefox 70.0,1536x864,1519x750,approve with $2.15 bonus,IPANAT SAMFE,1,words,English_Native,No_Psych,Responder,a_pos,18+,,≥23,≥28,,≤32,ACCEPT,,,,,,,,,,,,,,,,,,,,,,,,Orders 5 and 6,,order6,,,,,,,,,Continue,,,,order6,,,Continue,,,,,,,,,,,,,,,,,,,,,Continue,DECFBA,Images loaded ok,approve with $2.15 bonus,inhibited-quantised,1
14,1571930757666,24/10/2019 15:25:57,1571930756631,-4,24/10/2019 11:25:56,10365,2,questionnaire-mie5,,3241170,A1XOG82RCTNFL7,899156,,complete,rinsqc,,computer,Desktop or Laptop,Windows 10,Firefox 70.0,1536x864,1519x750,approve with $2.15 bonus,IPANAT SAMFE,1,words,English_Native,No_Psych,Responder,a_pos,18+,,≥23,≥28,,≤32,ACCEPT,,,,,,,,,,,,,,,,,,,,,,,,Orders 5 and 6,,order6,,,,,,,,,Continue,,,,order6,,,Continue,,,,,,,,,,,,,,,,,,,,,Continue,DECFBA,Images loaded ok,approve with $2.15 bonus,tense,1 - doesn't fit at all
1,1571930860199,24/10/2019 15:27:40,1571930860036,-5,24/10/2019 10:27:40,10365,2,questionnaire-mie5,,3241223,A39TKU289CXWRN,899174,,complete,byviyf,,computer,Desktop or Laptop,Mac OS 10.15.0,Chrome 77.0.3865.120,1440x900,1440x717,approve with $2.15 bonus,IPANAT SAMFE,1,words,English_Native,No_Psych,,l_pos,18+,,≥23,≥28,,≥33,,,,,ACCEPT,,,,,,≥38,≥43,≥48,≤52,,,,,,,Responder,,,,,,,,,,,,,,,Continue,,,,,,,,,Orders 11 and 12,,,,,,,,,,,order12,,,,order12,,,Continue,Continue,ABFCED,Images loaded ok,approve with $2.15 bonus,BEGIN QUESTIONNAIRE,
2,1571930869346,24/10/2019 15:27:49,1571930869158,-5,24/10/2019 10:27:49,10365,2,questionnaire-mie5,,3241223,A39TKU289CXWRN,899174,,complete,byviyf,,computer,Desktop or Laptop,Mac OS 10.15.0,Chrome 77.0.3865.120,1440x900,1440x717,approve with $2.15 bonus,IPANAT SAMFE,1,words,English_Native,No_Psych,,l_pos,18+,,≥23,≥28,,≥33,,,,,ACCEPT,,,,,,≥38,≥43,≥48,≤52,,,,,,,Responder,,,,,,,,,,,,,,,Continue,,,,,,,,,Orders 11 and 12,,,,,,,,,,,order12,,,,order12,,,Continue,Continue,ABFCED,Images loaded ok,approve with $2.15 bonus,happy,4 - fits very well
3,1571930869551,24/10/2019 15:27:49,1571930869160,-5,24/10/2019 10:27:49,10365,2,questionnaire-mie5,,3241223,A39TKU289CXWRN,899174,,complete,byviyf,,computer,Desktop or Laptop,Mac OS 10.15.0,Chrome 77.0.3865.120,1440x900,1440x717,approve with $2.15 bonus,IPANAT SAMFE,1,words,English_Native,No_Psych,,l_pos,18+,,≥23,≥28,,≥33,,,,,ACCEPT,,,,,,≥38,≥43,≥48,≤52,,,,,,,Responder,,,,,,,,,,,,,,,Continue,,,,,,,,,Orders 11 and 12,,,,,,,,,,,order12,,,,order12,,,Continue,Continue,ABFCED,Images loaded ok,approve with $2.15 bonus,happy-quantised,4
4,1571930869551,24/10/2019 15:27:49,1571930869161,-5,24/10/2019 10:27:49,10365,2,questionnaire-mie5,,3241223,A39TKU289CXWRN,899174,,complete,byviyf,,computer,Desktop or Laptop,Mac OS 10.15.0,Chrome 77.0.3865.120,1440x900,1440x717,approve with $2.15 bonus,IPANAT SAMFE,1,words,English_Native,No_Psych,,l_pos,18+,,≥23,≥28,,≥33,,,,,ACCEPT,,,,,,≥38,≥43,≥48,≤52,,,,,,,Responder,,,,,,,,,,,,,,,Continue,,,,,,,,,Orders 11 and 12,,,,,,,,,,,order12,,,,order12,,,Continue,Continue,ABFCED,Images loaded ok,approve with $2.15 bonus,helpless,1 - doesn't fit at all
5,1571930869551,24/10/2019 15:27:49,1571930869161,-5,24/10/2019 10:27:49,10365,2,questionnaire-mie5,,3241223,A39TKU289CXWRN,899174,,complete,byviyf,,computer,Desktop or Laptop,Mac OS 10.15.0,Chrome 77.0.3865.120,1440x900,1440x717,approve with $2.15 bonus,IPANAT SAMFE,1,words,English_Native,No_Psych,,l_pos,18+,,≥23,≥28,,≥33,,,,,ACCEPT,,,,,,≥38,≥43,≥48,≤52,,,,,,,Responder,,,,,,,,,,,,,,,Continue,,,,,,,,,Orders 11 and 12,,,,,,,,,,,order12,,,,order12,,,Continue,Continue,ABFCED,Images loaded ok,approve with $2.15 bonus,helpless-quantised,1
6,1571930869551,24/10/2019 15:27:49,1571930869161,-5,24/10/2019 10:27:49,10365,2,questionnaire-mie5,,3241223,A39TKU289CXWRN,899174,,complete,byviyf,,computer,Desktop or Laptop,Mac OS 10.15.0,Chrome 77.0.3865.120,1440x900,1440x717,approve with $2.15 bonus,IPANAT SAMFE,1,words,English_Native,No_Psych,,l_pos,18+,,≥23,≥28,,≥33,,,,,ACCEPT,,,,,,≥38,≥43,≥48,≤52,,,,,,,Responder,,,,,,,,,,,,,,,Continue,,,,,,,,,Orders 11 and 12,,,,,,,,,,,order12,,,,order12,,,Continue,Continue,ABFCED,Images loaded ok,approve with $2.15 bonus,energetic,3 - fits quite well
7,1571930869551,24/10/2019 15:27:49,1571930869161,-5,24/10/2019 10:27:49,10365,2,questionnaire-mie5,,3241223,A39TKU289CXWRN,899174,,complete,byviyf,,computer,Desktop or Laptop,Mac OS 10.15.0,Chrome 77.0.3865.120,1440x900,1440x717,approve with $2.15 bonus,IPANAT SAMFE,1,words,English_Native,No_Psych,,l_pos,18+,,≥23,≥28,,≥33,,,,,ACCEPT,,,,,,≥38,≥43,≥48,≤52,,,,,,,Responder,,,,,,,,,,,,,,,Continue,,,,,,,,,Orders 11 and 12,,,,,,,,,,,order12,,,,order12,,,Continue,Continue,ABFCED,Images loaded ok,approve with $2.15 bonus,energetic-quantised,3
8,1571930869551,24/10/2019 15:27:49,1571930869161,-5,24/10/2019 10:27:49,10365,2,questionnaire-mie5,,3241223,A39TKU289CXWRN,899174,,complete,byviyf,,computer,Desktop or Laptop,Mac OS 10.15.0,Chrome 77.0.3865.120,1440x900,1440x717,approve with $2.15 bonus,IPANAT SAMFE,1,words,English_Native,No_Psych,,l_pos,18+,,≥23,≥28,,≥33,,,,,ACCEPT,,,,,,≥38,≥43,≥48,≤52,,,,,,,Responder,,,,,,,,,,,,,,,Continue,,,,,,,,,Orders 11 and 12,,,,,,,,,,,order12,,,,order12,,,Continue,Continue,ABFCED,Images loaded ok,approve with $2.15 bonus,tense,1 - doesn't fit at all
9,1571930869551,24/10/2019 15:27:49,1571930869161,-5,24/10/2019 10:27:49,10365,2,questionnaire-mie5,,3241223,A39TKU289CXWRN,899174,,complete,byviyf,,computer,Desktop or Laptop,Mac OS 10.15.0,Chrome 77.0.3865.120,1440x900,1440x717,approve with $2.15 bonus,IPANAT SAMFE,1,words,English_Native,No_Psych,,l_pos,18+,,≥23,≥28,,≥33,,,,,ACCEPT,,,,,,≥38,≥43,≥48,≤52,,,,,,,Responder,,,,,,,,,,,,,,,Continue,,,,,,,,,Orders 11 and 12,,,,,,,,,,,order12,,,,order12,,,Continue,Continue,ABFCED,Images loaded ok,approve with $2.15 bonus,tense-quantised,1
10,1571930869551,24/10/2019 15:27:49,1571930869161,-5,24/10/2019 10:27:49,10365,2,questionnaire-mie5,,3241223,A39TKU289CXWRN,899174,,complete,byviyf,,computer,Desktop or Laptop,Mac OS 10.15.0,Chrome 77.0.3865.120,1440x900,1440x717,approve with $2.15 bonus,IPANAT SAMFE,1,words,English_Native,No_Psych,,l_pos,18+,,≥23,≥28,,≥33,,,,,ACCEPT,,,,,,≥38,≥43,≥48,≤52,,,,,,,Responder,,,,,,,,,,,,,,,Continue,,,,,,,,,Orders 11 and 12,,,,,,,,,,,order12,,,,order12,,,Continue,Continue,ABFCED,Images loaded ok,approve with $2.15 bonus,cheerful,4 - fits very well
11,1571930869551,24/10/2019 15:27:49,1571930869161,-5,24/10/2019 10:27:49,10365,2,questionnaire-mie5,,3241223,A39TKU289CXWRN,899174,,complete,byviyf,,computer,Desktop or Laptop,Mac OS 10.15.0,Chrome 77.0.3865.120,1440x900,1440x717,approve with $2.15 bonus,IPANAT SAMFE,1,words,English_Native,No_Psych,,l_pos,18+,,≥23,≥28,,≥33,,,,,ACCEPT,,,,,,≥38,≥43,≥48,≤52,,,,,,,Responder,,,,,,,,,,,,,,,Continue,,,,,,,,,Orders 11 and 12,,,,,,,,,,,order12,,,,order12,,,Continue,Continue,ABFCED,Images loaded ok,approve with $2.15 bonus,cheerful-quantised,4
12,1571930869551,24/10/2019 15:27:49,1571930869161,-5,24/10/2019 10:27:49,10365,2,questionnaire-mie5,,3241223,A39TKU289CXWRN,899174,,complete,byviyf,,computer,Desktop or Laptop,Mac OS 10.15.0,Chrome 77.0.3865.120,1440x900,1440x717,approve with $2.15 bonus,IPANAT SAMFE,1,words,English_Native,No_Psych,,l_pos,18+,,≥23,≥28,,≥33,,,,,ACCEPT,,,,,,≥38,≥43,≥48,≤52,,,,,,,Responder,,,,,,,,,,,,,,,Continue,,,,,,,,,Orders 11 and 12,,,,,,,,,,,order12,,,,order12,,,Continue,Continue,ABFCED,Images loaded ok,approve with $2.15 bonus,inhibited,1 - doesn't fit at all
13,1571930869551,24/10/2019 15:27:49,1571930869162,-5,24/10/2019 10:27:49,10365,2,questionnaire-mie5,,3241223,A39TKU289CXWRN,899174,,complete,byviyf,,computer,Desktop or Laptop,Mac OS 10.15.0,Chrome 77.0.3865.120,1440x900,1440x717,approve with $2.15 bonus,IPANAT SAMFE,1,words,English_Native,No_Psych,,l_pos,18+,,≥23,≥28,,≥33,,,,,ACCEPT,,,,,,≥38,≥43,≥48,≤52,,,,,,,Responder,,,,,,,,,,,,,,,Continue,,,,,,,,,Orders 11 and 12,,,,,,,,,,,order12,,,,order12,,,Continue,Continue,ABFCED,Images loaded ok,approve with $2.15 bonus,inhibited-quantised,1
14,1571930869551,24/10/2019 15:27:49,1571930869162,-5,24/10/2019 10:27:49,10365,2,questionnaire-mie5,,3241223,A39TKU289CXWRN,899174,,complete,byviyf,,computer,Desktop or Laptop,Mac OS 10.15.0,Chrome 77.0.3865.120,1440x900,1440x717,approve with $2.15 bonus,IPANAT SAMFE,1,words,English_Native,No_Psych,,l_pos,18+,,≥23,≥28,,≥33,,,,,ACCEPT,,,,,,≥38,≥43,≥48,≤52,,,,,,,Responder,,,,,,,,,,,,,,,Continue,,,,,,,,,Orders 11 and 12,,,,,,,,,,,order12,,,,order12,,,Continue,Continue,ABFCED,Images loaded ok,approve with $2.15 bonus,END QUESTIONNAIRE,9126
1,1571930866330,24/10/2019 15:27:46,1571930864560,2,24/10/2019 17:27:44,10365,2,questionnaire-mie5,,3241224,A33DSCVAUOWIQY,899165,,complete,camvij,,computer,Desktop or Laptop,Mac OS 10.14.3,Chrome 77.0.3865.120,1280x800,1280x634,approve with $2.15 bonus,IPANAT SAMFE,1,words,English_Native,No_Psych,,l_pos,18+,,≥23,≥28,,≤32,ACCEPT,,,,,,,,,,,,,,,,,,,,Responder,,,,,,,,,,,,,,,Continue,,,,,,,,,Orders 7 and 9,,,,,,,,,,order9,,,order7,,,Continue,,,Continue,FAEBDC,Images loaded ok,approve with $2.15 bonus,BEGIN QUESTIONNAIRE,
2,1571930873767,24/10/2019 15:27:53,1571930872279,2,24/10/2019 17:27:52,10365,2,questionnaire-mie5,,3241224,A33DSCVAUOWIQY,899165,,complete,camvij,,computer,Desktop or Laptop,Mac OS 10.14.3,Chrome 77.0.3865.120,1280x800,1280x634,approve with $2.15 bonus,IPANAT SAMFE,1,words,English_Native,No_Psych,,l_pos,18+,,≥23,≥28,,≤32,ACCEPT,,,,,,,,,,,,,,,,,,,,Responder,,,,,,,,,,,,,,,Continue,,,,,,,,,Orders 7 and 9,,,,,,,,,,order9,,,order7,,,Continue,,,Continue,FAEBDC,Images loaded ok,approve with $2.15 bonus,happy,2 - fits somewhat
3,1571930875548,24/10/2019 15:27:55,1571930872281,2,24/10/2019 17:27:52,10365,2,questionnaire-mie5,,3241224,A33DSCVAUOWIQY,899165,,complete,camvij,,computer,Desktop or Laptop,Mac OS 10.14.3,Chrome 77.0.3865.120,1280x800,1280x634,approve with $2.15 bonus,IPANAT SAMFE,1,words,English_Native,No_Psych,,l_pos,18+,,≥23,≥28,,≤32,ACCEPT,,,,,,,,,,,,,,,,,,,,Responder,,,,,,,,,,,,,,,Continue,,,,,,,,,Orders 7 and 9,,,,,,,,,,order9,,,order7,,,Continue,,,Continue,FAEBDC,Images loaded ok,approve with $2.15 bonus,happy-quantised,2
4,1571930875548,24/10/2019 15:27:55,1571930872282,2,24/10/2019 17:27:52,10365,2,questionnaire-mie5,,3241224,A33DSCVAUOWIQY,899165,,complete,camvij,,computer,Desktop or Laptop,Mac OS 10.14.3,Chrome 77.0.3865.120,1280x800,1280x634,approve with $2.15 bonus,IPANAT SAMFE,1,words,English_Native,No_Psych,,l_pos,18+,,≥23,≥28,,≤32,ACCEPT,,,,,,,,,,,,,,,,,,,,Responder,,,,,,,,,,,,,,,Continue,,,,,,,,,Orders 7 and 9,,,,,,,,,,order9,,,order7,,,Continue,,,Continue,FAEBDC,Images loaded ok,approve with $2.15 bonus,helpless,3 - fits quite well
5,1571930875548,24/10/2019 15:27:55,1571930872282,2,24/10/2019 17:27:52,10365,2,questionnaire-mie5,,3241224,A33DSCVAUOWIQY,899165,,complete,camvij,,computer,Desktop or Laptop,Mac OS 10.14.3,Chrome 77.0.3865.120,1280x800,1280x634,approve with $2.15 bonus,IPANAT SAMFE,1,words,English_Native,No_Psych,,l_pos,18+,,≥23,≥28,,≤32,ACCEPT,,,,,,,,,,,,,,,,,,,,Responder,,,,,,,,,,,,,,,Continue,,,,,,,,,Orders 7 and 9,,,,,,,,,,order9,,,order7,,,Continue,,,Continue,FAEBDC,Images loaded ok,approve with $2.15 bonus,helpless-quantised,3
6,1571930875548,24/10/2019 15:27:55,1571930872282,2,24/10/2019 17:27:52,10365,2,questionnaire-mie5,,3241224,A33DSCVAUOWIQY,899165,,complete,camvij,,computer,Desktop or Laptop,Mac OS 10.14.3,Chrome 77.0.3865.120,1280x800,1280x634,approve with $2.15 bonus,IPANAT SAMFE,1,words,English_Native,No_Psych,,l_pos,18+,,≥23,≥28,,≤32,ACCEPT,,,,,,,,,,,,,,,,,,,,Responder,,,,,,,,,,,,,,,Continue,,,,,,,,,Orders 7 and 9,,,,,,,,,,order9,,,order7,,,Continue,,,Continue,FAEBDC,Images loaded ok,approve with $2.15 bonus,energetic,1 - doesn't fit at all
7,1571930875548,24/10/2019 15:27:55,1571930872282,2,24/10/2019 17:27:52,10365,2,questionnaire-mie5,,3241224,A33DSCVAUOWIQY,899165,,complete,camvij,,computer,Desktop or Laptop,Mac OS 10.14.3,Chrome 77.0.3865.120,1280x800,1280x634,approve with $2.15 bonus,IPANAT SAMFE,1,words,English_Native,No_Psych,,l_pos,18+,,≥23,≥28,,≤32,ACCEPT,,,,,,,,,,,,,,,,,,,,Responder,,,,,,,,,,,,,,,Continue,,,,,,,,,Orders 7 and 9,,,,,,,,,,order9,,,order7,,,Continue,,,Continue,FAEBDC,Images loaded ok,approve with $2.15 bonus,energetic-quantised,1
8,1571930875548,24/10/2019 15:27:55,1571930872283,2,24/10/2019 17:27:52,10365,2,questionnaire-mie5,,3241224,A33DSCVAUOWIQY,899165,,complete,camvij,,computer,Desktop or Laptop,Mac OS 10.14.3,Chrome 77.0.3865.120,1280x800,1280x634,approve with $2.15 bonus,IPANAT SAMFE,1,words,English_Native,No_Psych,,l_pos,18+,,≥23,≥28,,≤32,ACCEPT,,,,,,,,,,,,,,,,,,,,Responder,,,,,,,,,,,,,,,Continue,,,,,,,,,Orders 7 and 9,,,,,,,,,,order9,,,order7,,,Continue,,,Continue,FAEBDC,Images loaded ok,approve with $2.15 bonus,tense,1 - doesn't fit at all
9,1571930875548,24/10/2019 15:27:55,1571930872283,2,24/10/2019 17:27:52,10365,2,questionnaire-mie5,,3241224,A33DSCVAUOWIQY,899165,,complete,camvij,,computer,Desktop or Laptop,Mac OS 10.14.3,Chrome 77.0.3865.120,1280x800,1280x634,approve with $2.15 bonus,IPANAT SAMFE,1,words,English_Native,No_Psych,,l_pos,18+,,≥23,≥28,,≤32,ACCEPT,,,,,,,,,,,,,,,,,,,,Responder,,,,,,,,,,,,,,,Continue,,,,,,,,,Orders 7 and 9,,,,,,,,,,order9,,,order7,,,Continue,,,Continue,FAEBDC,Images loaded ok,approve with $2.15 bonus,tense-quantised,1
10,1571930875548,24/10/2019 15:27:55,1571930872284,2,24/10/2019 17:27:52,10365,2,questionnaire-mie5,,3241224,A33DSCVAUOWIQY,899165,,complete,camvij,,computer,Desktop or Laptop,Mac OS 10.14.3,Chrome 77.0.3865.120,1280x800,1280x634,approve with $2.15 bonus,IPANAT SAMFE,1,words,English_Native,No_Psych,,l_pos,18+,,≥23,≥28,,≤32,ACCEPT,,,,,,,,,,,,,,,,,,,,Responder,,,,,,,,,,,,,,,Continue,,,,,,,,,Orders 7 and 9,,,,,,,,,,order9,,,order7,,,Continue,,,Continue,FAEBDC,Images loaded ok,approve with $2.15 bonus,cheerful,2 - fits somewhat
11,1571930875548,24/10/2019 15:27:55,1571930872284,2,24/10/2019 17:27:52,10365,2,questionnaire-mie5,,3241224,A33DSCVAUOWIQY,899165,,complete,camvij,,computer,Desktop or Laptop,Mac OS 10.14.3,Chrome 77.0.3865.120,1280x800,1280x634,approve with $2.15 bonus,IPANAT SAMFE,1,words,English_Native,No_Psych,,l_pos,18+,,≥23,≥28,,≤32,ACCEPT,,,,,,,,,,,,,,,,,,,,Responder,,,,,,,,,,,,,,,Continue,,,,,,,,,Orders 7 and 9,,,,,,,,,,order9,,,order7,,,Continue,,,Continue,FAEBDC,Images loaded ok,approve with $2.15 bonus,cheerful-quantised,2
12,1571930875548,24/10/2019 15:27:55,1571930872284,2,24/10/2019 17:27:52,10365,2,questionnaire-mie5,,3241224,A33DSCVAUOWIQY,899165,,complete,camvij,,computer,Desktop or Laptop,Mac OS 10.14.3,Chrome 77.0.3865.120,1280x800,1280x634,approve with $2.15 bonus,IPANAT SAMFE,1,words,English_Native,No_Psych,,l_pos,18+,,≥23,≥28,,≤32,ACCEPT,,,,,,,,,,,,,,,,,,,,Responder,,,,,,,,,,,,,,,Continue,,,,,,,,,Orders 7 and 9,,,,,,,,,,order9,,,order7,,,Continue,,,Continue,FAEBDC,Images loaded ok,approve with $2.15 bonus,inhibited,4 - fits very well
13,1571930875548,24/10/2019 15:27:55,1571930872285,2,24/10/2019 17:27:52,10365,2,questionnaire-mie5,,3241224,A33DSCVAUOWIQY,899165,,complete,camvij,,computer,Desktop or Laptop,Mac OS 10.14.3,Chrome 77.0.3865.120,1280x800,1280x634,approve with $2.15 bonus,IPANAT SAMFE,1,words,English_Native,No_Psych,,l_pos,18+,,≥23,≥28,,≤32,ACCEPT,,,,,,,,,,,,,,,,,,,,Responder,,,,,,,,,,,,,,,Continue,,,,,,,,,Orders 7 and 9,,,,,,,,,,order9,,,order7,,,Continue,,,Continue,FAEBDC,Images loaded ok,approve with $2.15 bonus,inhibited-quantised,4
14,1571930875548,24/10/2019 15:27:55,1571930872285,2,24/10/2019 17:27:52,10365,2,questionnaire-mie5,,3241224,A33DSCVAUOWIQY,899165,,complete,camvij,,computer,Desktop or Laptop,Mac OS 10.14.3,Chrome 77.0.3865.120,1280x800,1280x634,approve with $2.15 bonus,IPANAT SAMFE,1,words,English_Native,No_Psych,,l_pos,18+,,≥23,≥28,,≤32,ACCEPT,,,,,,,,,,,,,,,,,,,,Responder,,,,,,,,,,,,,,,Continue,,,,,,,,,Orders 7 and 9,,,,,,,,,,order9,,,order7,,,Continue,,,Continue,FAEBDC,Images loaded ok,approve with $2.15 bonus,END QUESTIONNAIRE,7725
1,1571930862996,24/10/2019 15:27:42,1571930860305,-4,24/10/2019 11:27:40,10365,2,questionnaire-mie5,,3241225,4wgdru3k,899166,,complete,ewzsxj,,computer,Desktop or Laptop,Windows 10,Chrome 77.0.3865.120,1920x1080,946x927,approve with $2.15 bonus,IPANAT SAMFE,1,words,English_Native,No_Psych,Responder,a_pos,18+,,≥23,≥28,,≥33,,,,,,ACCEPT,,,,,≥38,≥43,≥48,≥53,≤57,,,,,,,,,,Orders 11 and 12,,,,,order11,,,Continue,,,Continue,,,,,order11,,,,,,,,,,,,,,,,,,,,,,,Continue,BCADFE,Images loaded ok,approve with $2.15 bonus,BEGIN QUESTIONNAIRE,
2,1571930873643,24/10/2019 15:27:53,1571930870980,-4,24/10/2019 11:27:50,10365,2,questionnaire-mie5,,3241225,4wgdru3k,899166,,complete,ewzsxj,,computer,Desktop or Laptop,Windows 10,Chrome 77.0.3865.120,1920x1080,929x927,approve with $2.15 bonus,IPANAT SAMFE,1,words,English_Native,No_Psych,Responder,a_pos,18+,,≥23,≥28,,≥33,,,,,,ACCEPT,,,,,≥38,≥43,≥48,≥53,≤57,,,,,,,,,,Orders 11 and 12,,,,,order11,,,Continue,,,Continue,,,,,order11,,,,,,,,,,,,,,,,,,,,,,,Continue,BCADFE,Images loaded ok,approve with $2.15 bonus,happy,2 - fits somewhat
3,1571930873767,24/10/2019 15:27:53,1571930870982,-4,24/10/2019 11:27:50,10365,2,questionnaire-mie5,,3241225,4wgdru3k,899166,,complete,ewzsxj,,computer,Desktop or Laptop,Windows 10,Chrome 77.0.3865.120,1920x1080,929x927,approve with $2.15 bonus,IPANAT SAMFE,1,words,English_Native,No_Psych,Responder,a_pos,18+,,≥23,≥28,,≥33,,,,,,ACCEPT,,,,,≥38,≥43,≥48,≥53,≤57,,,,,,,,,,Orders 11 and 12,,,,,order11,,,Continue,,,Continue,,,,,order11,,,,,,,,,,,,,,,,,,,,,,,Continue,BCADFE,Images loaded ok,approve with $2.15 bonus,happy-quantised,2
4,1571930873767,24/10/2019 15:27:53,1571930870982,-4,24/10/2019 11:27:50,10365,2,questionnaire-mie5,,3241225,4wgdru3k,899166,,complete,ewzsxj,,computer,Desktop or Laptop,Windows 10,Chrome 77.0.3865.120,1920x1080,929x927,approve with $2.15 bonus,IPANAT SAMFE,1,words,English_Native,No_Psych,Responder,a_pos,18+,,≥23,≥28,,≥33,,,,,,ACCEPT,,,,,≥38,≥43,≥48,≥53,≤57,,,,,,,,,,Orders 11 and 12,,,,,order11,,,Continue,,,Continue,,,,,order11,,,,,,,,,,,,,,,,,,,,,,,Continue,BCADFE,Images loaded ok,approve with $2.15 bonus,helpless,1 - doesn't fit at all
5,1571930873767,24/10/2019 15:27:53,1571930870982,-4,24/10/2019 11:27:50,10365,2,questionnaire-mie5,,3241225,4wgdru3k,899166,,complete,ewzsxj,,computer,Desktop or Laptop,Windows 10,Chrome 77.0.3865.120,1920x1080,929x927,approve with $2.15 bonus,IPANAT SAMFE,1,words,English_Native,No_Psych,Responder,a_pos,18+,,≥23,≥28,,≥33,,,,,,ACCEPT,,,,,≥38,≥43,≥48,≥53,≤57,,,,,,,,,,Orders 11 and 12,,,,,order11,,,Continue,,,Continue,,,,,order11,,,,,,,,,,,,,,,,,,,,,,,Continue,BCADFE,Images loaded ok,approve with $2.15 bonus,helpless-quantised,1
6,1571930873767,24/10/2019 15:27:53,1571930870982,-4,24/10/2019 11:27:50,10365,2,questionnaire-mie5,,3241225,4wgdru3k,899166,,complete,ewzsxj,,computer,Desktop or Laptop,Windows 10,Chrome 77.0.3865.120,1920x1080,929x927,approve with $2.15 bonus,IPANAT SAMFE,1,words,English_Native,No_Psych,Responder,a_pos,18+,,≥23,≥28,,≥33,,,,,,ACCEPT,,,,,≥38,≥43,≥48,≥53,≤57,,,,,,,,,,Orders 11 and 12,,,,,order11,,,Continue,,,Continue,,,,,order11,,,,,,,,,,,,,,,,,,,,,,,Continue,BCADFE,Images loaded ok,approve with $2.15 bonus,energetic,1 - doesn't fit at all
7,1571930873767,24/10/2019 15:27:53,1571930870982,-4,24/10/2019 11:27:50,10365,2,questionnaire-mie5,,3241225,4wgdru3k,899166,,complete,ewzsxj,,computer,Desktop or Laptop,Windows 10,Chrome 77.0.3865.120,1920x1080,929x927,approve with $2.15 bonus,IPANAT SAMFE,1,words,English_Native,No_Psych,Responder,a_pos,18+,,≥23,≥28,,≥33,,,,,,ACCEPT,,,,,≥38,≥43,≥48,≥53,≤57,,,,,,,,,,Orders 11 and 12,,,,,order11,,,Continue,,,Continue,,,,,order11,,,,,,,,,,,,,,,,,,,,,,,Continue,BCADFE,Images loaded ok,approve with $2.15 bonus,energetic-quantised,1
8,1571930873767,24/10/2019 15:27:53,1571930870982,-4,24/10/2019 11:27:50,10365,2,questionnaire-mie5,,3241225,4wgdru3k,899166,,complete,ewzsxj,,computer,Desktop or Laptop,Windows 10,Chrome 77.0.3865.120,1920x1080,929x927,approve with $2.15 bonus,IPANAT SAMFE,1,words,English_Native,No_Psych,Responder,a_pos,18+,,≥23,≥28,,≥33,,,,,,ACCEPT,,,,,≥38,≥43,≥48,≥53,≤57,,,,,,,,,,Orders 11 and 12,,,,,order11,,,Continue,,,Continue,,,,,order11,,,,,,,,,,,,,,,,,,,,,,,Continue,BCADFE,Images loaded ok,approve with $2.15 bonus,tense,1 - doesn't fit at all
9,1571930873767,24/10/2019 15:27:53,1571930870982,-4,24/10/2019 11:27:50,10365,2,questionnaire-mie5,,3241225,4wgdru3k,899166,,complete,ewzsxj,,computer,Desktop or Laptop,Windows 10,Chrome 77.0.3865.120,1920x1080,929x927,approve with $2.15 bonus,IPANAT SAMFE,1,words,English_Native,No_Psych,Responder,a_pos,18+,,≥23,≥28,,≥33,,,,,,ACCEPT,,,,,≥38,≥43,≥48,≥53,≤57,,,,,,,,,,Orders 11 and 12,,,,,order11,,,Continue,,,Continue,,,,,order11,,,,,,,,,,,,,,,,,,,,,,,Continue,BCADFE,Images loaded ok,approve with $2.15 bonus,tense-quantised,1
10,1571930873767,24/10/2019 15:27:53,1571930870983,-4,24/10/2019 11:27:50,10365,2,questionnaire-mie5,,3241225,4wgdru3k,899166,,complete,ewzsxj,,computer,Desktop or Laptop,Windows 10,Chrome 77.0.3865.120,1920x1080,929x927,approve with $2.15 bonus,IPANAT SAMFE,1,words,English_Native,No_Psych,Responder,a_pos,18+,,≥23,≥28,,≥33,,,,,,ACCEPT,,,,,≥38,≥43,≥48,≥53,≤57,,,,,,,,,,Orders 11 and 12,,,,,order11,,,Continue,,,Continue,,,,,order11,,,,,,,,,,,,,,,,,,,,,,,Continue,BCADFE,Images loaded ok,approve with $2.15 bonus,cheerful,3 - fits quite well
11,1571930873767,24/10/2019 15:27:53,1571930870983,-4,24/10/2019 11:27:50,10365,2,questionnaire-mie5,,3241225,4wgdru3k,899166,,complete,ewzsxj,,computer,Desktop or Laptop,Windows 10,Chrome 77.0.3865.120,1920x1080,929x927,approve with $2.15 bonus,IPANAT SAMFE,1,words,English_Native,No_Psych,Responder,a_pos,18+,,≥23,≥28,,≥33,,,,,,ACCEPT,,,,,≥38,≥43,≥48,≥53,≤57,,,,,,,,,,Orders 11 and 12,,,,,order11,,,Continue,,,Continue,,,,,order11,,,,,,,,,,,,,,,,,,,,,,,Continue,BCADFE,Images loaded ok,approve with $2.15 bonus,cheerful-quantised,3
12,1571930873767,24/10/2019 15:27:53,1571930870983,-4,24/10/2019 11:27:50,10365,2,questionnaire-mie5,,3241225,4wgdru3k,899166,,complete,ewzsxj,,computer,Desktop or Laptop,Windows 10,Chrome 77.0.3865.120,1920x1080,929x927,approve with $2.15 bonus,IPANAT SAMFE,1,words,English_Native,No_Psych,Responder,a_pos,18+,,≥23,≥28,,≥33,,,,,,ACCEPT,,,,,≥38,≥43,≥48,≥53,≤57,,,,,,,,,,Orders 11 and 12,,,,,order11,,,Continue,,,Continue,,,,,order11,,,,,,,,,,,,,,,,,,,,,,,Continue,BCADFE,Images loaded ok,approve with $2.15 bonus,inhibited,1 - doesn't fit at all
13,1571930873767,24/10/2019 15:27:53,1571930870983,-4,24/10/2019 11:27:50,10365,2,questionnaire-mie5,,3241225,4wgdru3k,899166,,complete,ewzsxj,,computer,Desktop or Laptop,Windows 10,Chrome 77.0.3865.120,1920x1080,929x927,approve with $2.15 bonus,IPANAT SAMFE,1,words,English_Native,No_Psych,Responder,a_pos,18+,,≥23,≥28,,≥33,,,,,,ACCEPT,,,,,≥38,≥43,≥48,≥53,≤57,,,,,,,,,,Orders 11 and 12,,,,,order11,,,Continue,,,Continue,,,,,order11,,,,,,,,,,,,,,,,,,,,,,,Continue,BCADFE,Images loaded ok,approve with $2.15 bonus,inhibited-quantised,1
14,1571930873767,24/10/2019 15:27:53,1571930870983,-4,24/10/2019 11:27:50,10365,2,questionnaire-mie5,,3241225,4wgdru3k,899166,,complete,ewzsxj,,computer,Desktop or Laptop,Windows 10,Chrome 77.0.3865.120,1920x1080,929x927,approve with $2.15 bonus,IPANAT SAMFE,1,words,English_Native,No_Psych,Responder,a_pos,18+,,≥23,≥28,,≥33,,,,,,ACCEPT,,,,,≥38,≥43,≥48,≥53,≤57,,,,,,,,,,Orders 11 and 12,,,,,order11,,,Continue,,,Continue,,,,,order11,,,,,,,,,,,,,,,,,,,,,,,Continue,BCADFE,Images loaded ok,approve with $2.15 bonus,END QUESTIONNAIRE,10678
1,1571931157477,24/10/2019 15:32:37,1571931155782,-6,24/10/2019 09:32:35,10365,2,questionnaire-mie5,,3241327,AL7L4BS9AW3TI,899185,,complete,mjhceo,,computer,Desktop or Laptop,Windows 7,Chrome 77.0.3865.120,1280x1024,1280x881,approve with $2.15 bonus,IPANAT SAMFE,1,words,English_Native,No_Psych,,l_pos,18+,,≥23,≥28,,≥33,,,,,ACCEPT,,,,,,≥38,≥43,≥48,≤52,,,,,,,Responder,,,,,,,,,,,,,,,Continue,,,,,,,,,Orders 2 and 4,,order4,,,Continue,order4,,,,,,,,,,,,,Continue,CDBEAF,Images loaded ok,approve with $2.15 bonus,BEGIN QUESTIONNAIRE,
2,1571931179605,24/10/2019 15:32:59,1571931177961,-6,24/10/2019 09:32:57,10365,2,questionnaire-mie5,,3241327,AL7L4BS9AW3TI,899185,,complete,mjhceo,,computer,Desktop or Laptop,Windows 7,Chrome 77.0.3865.120,1280x1024,1263x881,approve with $2.15 bonus,IPANAT SAMFE,1,words,English_Native,No_Psych,,l_pos,18+,,≥23,≥28,,≥33,,,,,ACCEPT,,,,,,≥38,≥43,≥48,≤52,,,,,,,Responder,,,,,,,,,,,,,,,Continue,,,,,,,,,Orders 2 and 4,,order4,,,Continue,order4,,,,,,,,,,,,,Continue,CDBEAF,Images loaded ok,approve with $2.15 bonus,happy,4 - fits very well
3,1571931179871,24/10/2019 15:32:59,1571931177963,-6,24/10/2019 09:32:57,10365,2,questionnaire-mie5,,3241327,AL7L4BS9AW3TI,899185,,complete,mjhceo,,computer,Desktop or Laptop,Windows 7,Chrome 77.0.3865.120,1280x1024,1263x881,approve with $2.15 bonus,IPANAT SAMFE,1,words,English_Native,No_Psych,,l_pos,18+,,≥23,≥28,,≥33,,,,,ACCEPT,,,,,,≥38,≥43,≥48,≤52,,,,,,,Responder,,,,,,,,,,,,,,,Continue,,,,,,,,,Orders 2 and 4,,order4,,,Continue,order4,,,,,,,,,,,,,Continue,CDBEAF,Images loaded ok,approve with $2.15 bonus,happy-quantised,4
4,1571931179871,24/10/2019 15:32:59,1571931177964,-6,24/10/2019 09:32:57,10365,2,questionnaire-mie5,,3241327,AL7L4BS9AW3TI,899185,,complete,mjhceo,,computer,Desktop or Laptop,Windows 7,Chrome 77.0.3865.120,1280x1024,1263x881,approve with $2.15 bonus,IPANAT SAMFE,1,words,English_Native,No_Psych,,l_pos,18+,,≥23,≥28,,≥33,,,,,ACCEPT,,,,,,≥38,≥43,≥48,≤52,,,,,,,Responder,,,,,,,,,,,,,,,Continue,,,,,,,,,Orders 2 and 4,,order4,,,Continue,order4,,,,,,,,,,,,,Continue,CDBEAF,Images loaded ok,approve with $2.15 bonus,helpless,1 - doesn't fit at all
5,1571931179871,24/10/2019 15:32:59,1571931177964,-6,24/10/2019 09:32:57,10365,2,questionnaire-mie5,,3241327,AL7L4BS9AW3TI,899185,,complete,mjhceo,,computer,Desktop or Laptop,Windows 7,Chrome 77.0.3865.120,1280x1024,1263x881,approve with $2.15 bonus,IPANAT SAMFE,1,words,English_Native,No_Psych,,l_pos,18+,,≥23,≥28,,≥33,,,,,ACCEPT,,,,,,≥38,≥43,≥48,≤52,,,,,,,Responder,,,,,,,,,,,,,,,Continue,,,,,,,,,Orders 2 and 4,,order4,,,Continue,order4,,,,,,,,,,,,,Continue,CDBEAF,Images loaded ok,approve with $2.15 bonus,helpless-quantised,1
6,1571931179871,24/10/2019 15:32:59,1571931177964,-6,24/10/2019 09:32:57,10365,2,questionnaire-mie5,,3241327,AL7L4BS9AW3TI,899185,,complete,mjhceo,,computer,Desktop or Laptop,Windows 7,Chrome 77.0.3865.120,1280x1024,1263x881,approve with $2.15 bonus,IPANAT SAMFE,1,words,English_Native,No_Psych,,l_pos,18+,,≥23,≥28,,≥33,,,,,ACCEPT,,,,,,≥38,≥43,≥48,≤52,,,,,,,Responder,,,,,,,,,,,,,,,Continue,,,,,,,,,Orders 2 and 4,,order4,,,Continue,order4,,,,,,,,,,,,,Continue,CDBEAF,Images loaded ok,approve with $2.15 bonus,energetic,2 - fits somewhat
7,1571931179871,24/10/2019 15:32:59,1571931177964,-6,24/10/2019 09:32:57,10365,2,questionnaire-mie5,,3241327,AL7L4BS9AW3TI,899185,,complete,mjhceo,,computer,Desktop or Laptop,Windows 7,Chrome 77.0.3865.120,1280x1024,1263x881,approve with $2.15 bonus,IPANAT SAMFE,1,words,English_Native,No_Psych,,l_pos,18+,,≥23,≥28,,≥33,,,,,ACCEPT,,,,,,≥38,≥43,≥48,≤52,,,,,,,Responder,,,,,,,,,,,,,,,Continue,,,,,,,,,Orders 2 and 4,,order4,,,Continue,order4,,,,,,,,,,,,,Continue,CDBEAF,Images loaded ok,approve with $2.15 bonus,energetic-quantised,2
8,1571931179871,24/10/2019 15:32:59,1571931177964,-6,24/10/2019 09:32:57,10365,2,questionnaire-mie5,,3241327,AL7L4BS9AW3TI,899185,,complete,mjhceo,,computer,Desktop or Laptop,Windows 7,Chrome 77.0.3865.120,1280x1024,1263x881,approve with $2.15 bonus,IPANAT SAMFE,1,words,English_Native,No_Psych,,l_pos,18+,,≥23,≥28,,≥33,,,,,ACCEPT,,,,,,≥38,≥43,≥48,≤52,,,,,,,Responder,,,,,,,,,,,,,,,Continue,,,,,,,,,Orders 2 and 4,,order4,,,Continue,order4,,,,,,,,,,,,,Continue,CDBEAF,Images loaded ok,approve with $2.15 bonus,tense,1 - doesn't fit at all
9,1571931179871,24/10/2019 15:32:59,1571931177965,-6,24/10/2019 09:32:57,10365,2,questionnaire-mie5,,3241327,AL7L4BS9AW3TI,899185,,complete,mjhceo,,computer,Desktop or Laptop,Windows 7,Chrome 77.0.3865.120,1280x1024,1263x881,approve with $2.15 bonus,IPANAT SAMFE,1,words,English_Native,No_Psych,,l_pos,18+,,≥23,≥28,,≥33,,,,,ACCEPT,,,,,,≥38,≥43,≥48,≤52,,,,,,,Responder,,,,,,,,,,,,,,,Continue,,,,,,,,,Orders 2 and 4,,order4,,,Continue,order4,,,,,,,,,,,,,Continue,CDBEAF,Images loaded ok,approve with $2.15 bonus,tense-quantised,1
10,1571931179871,24/10/2019 15:32:59,1571931177965,-6,24/10/2019 09:32:57,10365,2,questionnaire-mie5,,3241327,AL7L4BS9AW3TI,899185,,complete,mjhceo,,computer,Desktop or Laptop,Windows 7,Chrome 77.0.3865.120,1280x1024,1263x881,approve with $2.15 bonus,IPANAT SAMFE,1,words,English_Native,No_Psych,,l_pos,18+,,≥23,≥28,,≥33,,,,,ACCEPT,,,,,,≥38,≥43,≥48,≤52,,,,,,,Responder,,,,,,,,,,,,,,,Continue,,,,,,,,,Orders 2 and 4,,order4,,,Continue,order4,,,,,,,,,,,,,Continue,CDBEAF,Images loaded ok,approve with $2.15 bonus,cheerful,3 - fits quite well
11,1571931179871,24/10/2019 15:32:59,1571931177965,-6,24/10/2019 09:32:57,10365,2,questionnaire-mie5,,3241327,AL7L4BS9AW3TI,899185,,complete,mjhceo,,computer,Desktop or Laptop,Windows 7,Chrome 77.0.3865.120,1280x1024,1263x881,approve with $2.15 bonus,IPANAT SAMFE,1,words,English_Native,No_Psych,,l_pos,18+,,≥23,≥28,,≥33,,,,,ACCEPT,,,,,,≥38,≥43,≥48,≤52,,,,,,,Responder,,,,,,,,,,,,,,,Continue,,,,,,,,,Orders 2 and 4,,order4,,,Continue,order4,,,,,,,,,,,,,Continue,CDBEAF,Images loaded ok,approve with $2.15 bonus,cheerful-quantised,3
12,1571931179871,24/10/2019 15:32:59,1571931177965,-6,24/10/2019 09:32:57,10365,2,questionnaire-mie5,,3241327,AL7L4BS9AW3TI,899185,,complete,mjhceo,,computer,Desktop or Laptop,Windows 7,Chrome 77.0.3865.120,1280x1024,1263x881,approve with $2.15 bonus,IPANAT SAMFE,1,words,English_Native,No_Psych,,l_pos,18+,,≥23,≥28,,≥33,,,,,ACCEPT,,,,,,≥38,≥43,≥48,≤52,,,,,,,Responder,,,,,,,,,,,,,,,Continue,,,,,,,,,Orders 2 and 4,,order4,,,Continue,order4,,,,,,,,,,,,,Continue,CDBEAF,Images loaded ok,approve with $2.15 bonus,inhibited,1 - doesn't fit at all
13,1571931179871,24/10/2019 15:32:59,1571931177965,-6,24/10/2019 09:32:57,10365,2,questionnaire-mie5,,3241327,AL7L4BS9AW3TI,899185,,complete,mjhceo,,computer,Desktop or Laptop,Windows 7,Chrome 77.0.3865.120,1280x1024,1263x881,approve with $2.15 bonus,IPANAT SAMFE,1,words,English_Native,No_Psych,,l_pos,18+,,≥23,≥28,,≥33,,,,,ACCEPT,,,,,,≥38,≥43,≥48,≤52,,,,,,,Responder,,,,,,,,,,,,,,,Continue,,,,,,,,,Orders 2 and 4,,order4,,,Continue,order4,,,,,,,,,,,,,Continue,CDBEAF,Images loaded ok,approve with $2.15 bonus,inhibited-quantised,1
14,1571931179871,24/10/2019 15:32:59,1571931177966,-6,24/10/2019 09:32:57,10365,2,questionnaire-mie5,,3241327,AL7L4BS9AW3TI,899185,,complete,mjhceo,,computer,Desktop or Laptop,Windows 7,Chrome 77.0.3865.120,1280x1024,1263x881,approve with $2.15 bonus,IPANAT SAMFE,1,words,English_Native,No_Psych,,l_pos,18+,,≥23,≥28,,≥33,,,,,ACCEPT,,,,,,≥38,≥43,≥48,≤52,,,,,,,Responder,,,,,,,,,,,,,,,Continue,,,,,,,,,Orders 2 and 4,,order4,,,Continue,order4,,,,,,,,,,,,,Continue,CDBEAF,Images loaded ok,approve with $2.15 bonus,END QUESTIONNAIRE,22185
1,1571931223668,24/10/2019 15:33:43,1571927521385,-4,24/10/2019 10:32:01,10365,2,questionnaire-mie5,,3241355,A1U3I75OPL8UZA,899196,,complete,mmpqjj,,computer,Desktop or Laptop,Windows 10,Chrome 78.0.3904.70,1920x1080,1920x937,approve with $2.15 bonus,IPANAT SAMFE,1,words,English_Native,No_Psych,,l_pos,18+,,≥23,≥28,,≥33,,,,,ACCEPT,,,,,,≥38,≥43,≥48,≤52,,,,,,,Responder,,,,,,,,,,,,,,,Continue,,,,,,,,,Orders 5 and 6,,,,,,,order6,order5,Continue,,,,,,,,,,Continue,DECFBA,Images loaded ok,approve with $2.15 bonus,BEGIN QUESTIONNAIRE,
2,1571931246382,24/10/2019 15:34:06,1571927544147,-4,24/10/2019 10:32:24,10365,2,questionnaire-mie5,,3241355,A1U3I75OPL8UZA,899196,,complete,mmpqjj,,computer,Desktop or Laptop,Windows 10,Chrome 78.0.3904.70,1920x1080,1903x937,approve with $2.15 bonus,IPANAT SAMFE,1,words,English_Native,No_Psych,,l_pos,18+,,≥23,≥28,,≥33,,,,,ACCEPT,,,,,,≥38,≥43,≥48,≤52,,,,,,,Responder,,,,,,,,,,,,,,,Continue,,,,,,,,,Orders 5 and 6,,,,,,,order6,order5,Continue,,,,,,,,,,Continue,DECFBA,Images loaded ok,approve with $2.15 bonus,happy,2 - fits somewhat
3,1571931246648,24/10/2019 15:34:06,1571927544148,-4,24/10/2019 10:32:24,10365,2,questionnaire-mie5,,3241355,A1U3I75OPL8UZA,899196,,complete,mmpqjj,,computer,Desktop or Laptop,Windows 10,Chrome 78.0.3904.70,1920x1080,1903x937,approve with $2.15 bonus,IPANAT SAMFE,1,words,English_Native,No_Psych,,l_pos,18+,,≥23,≥28,,≥33,,,,,ACCEPT,,,,,,≥38,≥43,≥48,≤52,,,,,,,Responder,,,,,,,,,,,,,,,Continue,,,,,,,,,Orders 5 and 6,,,,,,,order6,order5,Continue,,,,,,,,,,Continue,DECFBA,Images loaded ok,approve with $2.15 bonus,happy-quantised,2
4,1571931246648,24/10/2019 15:34:06,1571927544149,-4,24/10/2019 10:32:24,10365,2,questionnaire-mie5,,3241355,A1U3I75OPL8UZA,899196,,complete,mmpqjj,,computer,Desktop or Laptop,Windows 10,Chrome 78.0.3904.70,1920x1080,1903x937,approve with $2.15 bonus,IPANAT SAMFE,1,words,English_Native,No_Psych,,l_pos,18+,,≥23,≥28,,≥33,,,,,ACCEPT,,,,,,≥38,≥43,≥48,≤52,,,,,,,Responder,,,,,,,,,,,,,,,Continue,,,,,,,,,Orders 5 and 6,,,,,,,order6,order5,Continue,,,,,,,,,,Continue,DECFBA,Images loaded ok,approve with $2.15 bonus,helpless,2 - fits somewhat
5,1571931246648,24/10/2019 15:34:06,1571927544149,-4,24/10/2019 10:32:24,10365,2,questionnaire-mie5,,3241355,A1U3I75OPL8UZA,899196,,complete,mmpqjj,,computer,Desktop or Laptop,Windows 10,Chrome 78.0.3904.70,1920x1080,1903x937,approve with $2.15 bonus,IPANAT SAMFE,1,words,English_Native,No_Psych,,l_pos,18+,,≥23,≥28,,≥33,,,,,ACCEPT,,,,,,≥38,≥43,≥48,≤52,,,,,,,Responder,,,,,,,,,,,,,,,Continue,,,,,,,,,Orders 5 and 6,,,,,,,order6,order5,Continue,,,,,,,,,,Continue,DECFBA,Images loaded ok,approve with $2.15 bonus,helpless-quantised,2
6,1571931246648,24/10/2019 15:34:06,1571927544149,-4,24/10/2019 10:32:24,10365,2,questionnaire-mie5,,3241355,A1U3I75OPL8UZA,899196,,complete,mmpqjj,,computer,Desktop or Laptop,Windows 10,Chrome 78.0.3904.70,1920x1080,1903x937,approve with $2.15 bonus,IPANAT SAMFE,1,words,English_Native,No_Psych,,l_pos,18+,,≥23,≥28,,≥33,,,,,ACCEPT,,,,,,≥38,≥43,≥48,≤52,,,,,,,Responder,,,,,,,,,,,,,,,Continue,,,,,,,,,Orders 5 and 6,,,,,,,order6,order5,Continue,,,,,,,,,,Continue,DECFBA,Images loaded ok,approve with $2.15 bonus,energetic,1 - doesn't fit at all
7,1571931246648,24/10/2019 15:34:06,1571927544149,-4,24/10/2019 10:32:24,10365,2,questionnaire-mie5,,3241355,A1U3I75OPL8UZA,899196,,complete,mmpqjj,,computer,Desktop or Laptop,Windows 10,Chrome 78.0.3904.70,1920x1080,1903x937,approve with $2.15 bonus,IPANAT SAMFE,1,words,English_Native,No_Psych,,l_pos,18+,,≥23,≥28,,≥33,,,,,ACCEPT,,,,,,≥38,≥43,≥48,≤52,,,,,,,Responder,,,,,,,,,,,,,,,Continue,,,,,,,,,Orders 5 and 6,,,,,,,order6,order5,Continue,,,,,,,,,,Continue,DECFBA,Images loaded ok,approve with $2.15 bonus,energetic-quantised,1
8,1571931246648,24/10/2019 15:34:06,1571927544149,-4,24/10/2019 10:32:24,10365,2,questionnaire-mie5,,3241355,A1U3I75OPL8UZA,899196,,complete,mmpqjj,,computer,Desktop or Laptop,Windows 10,Chrome 78.0.3904.70,1920x1080,1903x937,approve with $2.15 bonus,IPANAT SAMFE,1,words,English_Native,No_Psych,,l_pos,18+,,≥23,≥28,,≥33,,,,,ACCEPT,,,,,,≥38,≥43,≥48,≤52,,,,,,,Responder,,,,,,,,,,,,,,,Continue,,,,,,,,,Orders 5 and 6,,,,,,,order6,order5,Continue,,,,,,,,,,Continue,DECFBA,Images loaded ok,approve with $2.15 bonus,tense,2 - fits somewhat
9,1571931246648,24/10/2019 15:34:06,1571927544149,-4,24/10/2019 10:32:24,10365,2,questionnaire-mie5,,3241355,A1U3I75OPL8UZA,899196,,complete,mmpqjj,,computer,Desktop or Laptop,Windows 10,Chrome 78.0.3904.70,1920x1080,1903x937,approve with $2.15 bonus,IPANAT SAMFE,1,words,English_Native,No_Psych,,l_pos,18+,,≥23,≥28,,≥33,,,,,ACCEPT,,,,,,≥38,≥43,≥48,≤52,,,,,,,Responder,,,,,,,,,,,,,,,Continue,,,,,,,,,Orders 5 and 6,,,,,,,order6,order5,Continue,,,,,,,,,,Continue,DECFBA,Images loaded ok,approve with $2.15 bonus,tense-quantised,2
10,1571931246648,24/10/2019 15:34:06,1571927544150,-4,24/10/2019 10:32:24,10365,2,questionnaire-mie5,,3241355,A1U3I75OPL8UZA,899196,,complete,mmpqjj,,computer,Desktop or Laptop,Windows 10,Chrome 78.0.3904.70,1920x1080,1903x937,approve with $2.15 bonus,IPANAT SAMFE,1,words,English_Native,No_Psych,,l_pos,18+,,≥23,≥28,,≥33,,,,,ACCEPT,,,,,,≥38,≥43,≥48,≤52,,,,,,,Responder,,,,,,,,,,,,,,,Continue,,,,,,,,,Orders 5 and 6,,,,,,,order6,order5,Continue,,,,,,,,,,Continue,DECFBA,Images loaded ok,approve with $2.15 bonus,cheerful,1 - doesn't fit at all
11,1571931246648,24/10/2019 15:34:06,1571927544150,-4,24/10/2019 10:32:24,10365,2,questionnaire-mie5,,3241355,A1U3I75OPL8UZA,899196,,complete,mmpqjj,,computer,Desktop or Laptop,Windows 10,Chrome 78.0.3904.70,1920x1080,1903x937,approve with $2.15 bonus,IPANAT SAMFE,1,words,English_Native,No_Psych,,l_pos,18+,,≥23,≥28,,≥33,,,,,ACCEPT,,,,,,≥38,≥43,≥48,≤52,,,,,,,Responder,,,,,,,,,,,,,,,Continue,,,,,,,,,Orders 5 and 6,,,,,,,order6,order5,Continue,,,,,,,,,,Continue,DECFBA,Images loaded ok,approve with $2.15 bonus,cheerful-quantised,1
12,1571931246648,24/10/2019 15:34:06,1571927544150,-4,24/10/2019 10:32:24,10365,2,questionnaire-mie5,,3241355,A1U3I75OPL8UZA,899196,,complete,mmpqjj,,computer,Desktop or Laptop,Windows 10,Chrome 78.0.3904.70,1920x1080,1903x937,approve with $2.15 bonus,IPANAT SAMFE,1,words,English_Native,No_Psych,,l_pos,18+,,≥23,≥28,,≥33,,,,,ACCEPT,,,,,,≥38,≥43,≥48,≤52,,,,,,,Responder,,,,,,,,,,,,,,,Continue,,,,,,,,,Orders 5 and 6,,,,,,,order6,order5,Continue,,,,,,,,,,Continue,DECFBA,Images loaded ok,approve with $2.15 bonus,inhibited,2 - fits somewhat
13,1571931246648,24/10/2019 15:34:06,1571927544150,-4,24/10/2019 10:32:24,10365,2,questionnaire-mie5,,3241355,A1U3I75OPL8UZA,899196,,complete,mmpqjj,,computer,Desktop or Laptop,Windows 10,Chrome 78.0.3904.70,1920x1080,1903x937,approve with $2.15 bonus,IPANAT SAMFE,1,words,English_Native,No_Psych,,l_pos,18+,,≥23,≥28,,≥33,,,,,ACCEPT,,,,,,≥38,≥43,≥48,≤52,,,,,,,Responder,,,,,,,,,,,,,,,Continue,,,,,,,,,Orders 5 and 6,,,,,,,order6,order5,Continue,,,,,,,,,,Continue,DECFBA,Images loaded ok,approve with $2.15 bonus,inhibited-quantised,2
14,1571931246648,24/10/2019 15:34:06,1571927544150,-4,24/10/2019 10:32:24,10365,2,questionnaire-mie5,,3241355,A1U3I75OPL8UZA,899196,,complete,mmpqjj,,computer,Desktop or Laptop,Windows 10,Chrome 78.0.3904.70,1920x1080,1903x937,approve with $2.15 bonus,IPANAT SAMFE,1,words,English_Native,No_Psych,,l_pos,18+,,≥23,≥28,,≥33,,,,,ACCEPT,,,,,,≥38,≥43,≥48,≤52,,,,,,,Responder,,,,,,,,,,,,,,,Continue,,,,,,,,,Orders 5 and 6,,,,,,,order6,order5,Continue,,,,,,,,,,Continue,DECFBA,Images loaded ok,approve with $2.15 bonus,END QUESTIONNAIRE,22765
1,1571931321633,24/10/2019 15:35:21,1571931320614,-4,24/10/2019 11:35:20,10365,2,questionnaire-mie5,,3241385,AJO13Z6TFG8C8,899207,,complete,yvzbya,,computer,Desktop or Laptop,Windows 10,Chrome 77.0.3865.120,1920x1080,1920x969,approve with $2.15 bonus,IPANAT SAMFE,1,words,English_Native,No_Psych,Responder,a_pos,18+,ACCEPT,≤22,,,,,,,,,,,,,,,,,,,,,,,,,,,,Orders 7 and 9,,,order7,,,,,,,,Continue,order7,,,,,,,Continue,,,,,,,,,,,,,,,,,,,,Continue,EFDACB,Images loaded ok,approve with $2.15 bonus,BEGIN QUESTIONNAIRE,
2,1571931328903,24/10/2019 15:35:28,1571931327966,-4,24/10/2019 11:35:27,10365,2,questionnaire-mie5,,3241385,AJO13Z6TFG8C8,899207,,complete,yvzbya,,computer,Desktop or Laptop,Windows 10,Chrome 77.0.3865.120,1920x1080,1903x969,approve with $2.15 bonus,IPANAT SAMFE,1,words,English_Native,No_Psych,Responder,a_pos,18+,ACCEPT,≤22,,,,,,,,,,,,,,,,,,,,,,,,,,,,Orders 7 and 9,,,order7,,,,,,,,Continue,order7,,,,,,,Continue,,,,,,,,,,,,,,,,,,,,Continue,EFDACB,Images loaded ok,approve with $2.15 bonus,happy,4 - fits very well
3,1571931329044,24/10/2019 15:35:29,1571931327967,-4,24/10/2019 11:35:27,10365,2,questionnaire-mie5,,3241385,AJO13Z6TFG8C8,899207,,complete,yvzbya,,computer,Desktop or Laptop,Windows 10,Chrome 77.0.3865.120,1920x1080,1903x969,approve with $2.15 bonus,IPANAT SAMFE,1,words,English_Native,No_Psych,Responder,a_pos,18+,ACCEPT,≤22,,,,,,,,,,,,,,,,,,,,,,,,,,,,Orders 7 and 9,,,order7,,,,,,,,Continue,order7,,,,,,,Continue,,,,,,,,,,,,,,,,,,,,Continue,EFDACB,Images loaded ok,approve with $2.15 bonus,happy-quantised,4
4,1571931329044,24/10/2019 15:35:29,1571931327967,-4,24/10/2019 11:35:27,10365,2,questionnaire-mie5,,3241385,AJO13Z6TFG8C8,899207,,complete,yvzbya,,computer,Desktop or Laptop,Windows 10,Chrome 77.0.3865.120,1920x1080,1903x969,approve with $2.15 bonus,IPANAT SAMFE,1,words,English_Native,No_Psych,Responder,a_pos,18+,ACCEPT,≤22,,,,,,,,,,,,,,,,,,,,,,,,,,,,Orders 7 and 9,,,order7,,,,,,,,Continue,order7,,,,,,,Continue,,,,,,,,,,,,,,,,,,,,Continue,EFDACB,Images loaded ok,approve with $2.15 bonus,helpless,3 - fits quite well
5,1571931329044,24/10/2019 15:35:29,1571931327967,-4,24/10/2019 11:35:27,10365,2,questionnaire-mie5,,3241385,AJO13Z6TFG8C8,899207,,complete,yvzbya,,computer,Desktop or Laptop,Windows 10,Chrome 77.0.3865.120,1920x1080,1903x969,approve with $2.15 bonus,IPANAT SAMFE,1,words,English_Native,No_Psych,Responder,a_pos,18+,ACCEPT,≤22,,,,,,,,,,,,,,,,,,,,,,,,,,,,Orders 7 and 9,,,order7,,,,,,,,Continue,order7,,,,,,,Continue,,,,,,,,,,,,,,,,,,,,Continue,EFDACB,Images loaded ok,approve with $2.15 bonus,helpless-quantised,3
6,1571931329044,24/10/2019 15:35:29,1571931327967,-4,24/10/2019 11:35:27,10365,2,questionnaire-mie5,,3241385,AJO13Z6TFG8C8,899207,,complete,yvzbya,,computer,Desktop or Laptop,Windows 10,Chrome 77.0.3865.120,1920x1080,1903x969,approve with $2.15 bonus,IPANAT SAMFE,1,words,English_Native,No_Psych,Responder,a_pos,18+,ACCEPT,≤22,,,,,,,,,,,,,,,,,,,,,,,,,,,,Orders 7 and 9,,,order7,,,,,,,,Continue,order7,,,,,,,Continue,,,,,,,,,,,,,,,,,,,,Continue,EFDACB,Images loaded ok,approve with $2.15 bonus,energetic,3 - fits quite well
7,1571931329044,24/10/2019 15:35:29,1571931327967,-4,24/10/2019 11:35:27,10365,2,questionnaire-mie5,,3241385,AJO13Z6TFG8C8,899207,,complete,yvzbya,,computer,Desktop or Laptop,Windows 10,Chrome 77.0.3865.120,1920x1080,1903x969,approve with $2.15 bonus,IPANAT SAMFE,1,words,English_Native,No_Psych,Responder,a_pos,18+,ACCEPT,≤22,,,,,,,,,,,,,,,,,,,,,,,,,,,,Orders 7 and 9,,,order7,,,,,,,,Continue,order7,,,,,,,Continue,,,,,,,,,,,,,,,,,,,,Continue,EFDACB,Images loaded ok,approve with $2.15 bonus,energetic-quantised,3
8,1571931329044,24/10/2019 15:35:29,1571931327967,-4,24/10/2019 11:35:27,10365,2,questionnaire-mie5,,3241385,AJO13Z6TFG8C8,899207,,complete,yvzbya,,computer,Desktop or Laptop,Windows 10,Chrome 77.0.3865.120,1920x1080,1903x969,approve with $2.15 bonus,IPANAT SAMFE,1,words,English_Native,No_Psych,Responder,a_pos,18+,ACCEPT,≤22,,,,,,,,,,,,,,,,,,,,,,,,,,,,Orders 7 and 9,,,order7,,,,,,,,Continue,order7,,,,,,,Continue,,,,,,,,,,,,,,,,,,,,Continue,EFDACB,Images loaded ok,approve with $2.15 bonus,tense,2 - fits somewhat
9,1571931329044,24/10/2019 15:35:29,1571931327967,-4,24/10/2019 11:35:27,10365,2,questionnaire-mie5,,3241385,AJO13Z6TFG8C8,899207,,complete,yvzbya,,computer,Desktop or Laptop,Windows 10,Chrome 77.0.3865.120,1920x1080,1903x969,approve with $2.15 bonus,IPANAT SAMFE,1,words,English_Native,No_Psych,Responder,a_pos,18+,ACCEPT,≤22,,,,,,,,,,,,,,,,,,,,,,,,,,,,Orders 7 and 9,,,order7,,,,,,,,Continue,order7,,,,,,,Continue,,,,,,,,,,,,,,,,,,,,Continue,EFDACB,Images loaded ok,approve with $2.15 bonus,tense-quantised,2
10,1571931329044,24/10/2019 15:35:29,1571931327967,-4,24/10/2019 11:35:27,10365,2,questionnaire-mie5,,3241385,AJO13Z6TFG8C8,899207,,complete,yvzbya,,computer,Desktop or Laptop,Windows 10,Chrome 77.0.3865.120,1920x1080,1903x969,approve with $2.15 bonus,IPANAT SAMFE,1,words,English_Native,No_Psych,Responder,a_pos,18+,ACCEPT,≤22,,,,,,,,,,,,,,,,,,,,,,,,,,,,Orders 7 and 9,,,order7,,,,,,,,Continue,order7,,,,,,,Continue,,,,,,,,,,,,,,,,,,,,Continue,EFDACB,Images loaded ok,approve with $2.15 bonus,cheerful,4 - fits very well
11,1571931329044,24/10/2019 15:35:29,1571931327967,-4,24/10/2019 11:35:27,10365,2,questionnaire-mie5,,3241385,AJO13Z6TFG8C8,899207,,complete,yvzbya,,computer,Desktop or Laptop,Windows 10,Chrome 77.0.3865.120,1920x1080,1903x969,approve with $2.15 bonus,IPANAT SAMFE,1,words,English_Native,No_Psych,Responder,a_pos,18+,ACCEPT,≤22,,,,,,,,,,,,,,,,,,,,,,,,,,,,Orders 7 and 9,,,order7,,,,,,,,Continue,order7,,,,,,,Continue,,,,,,,,,,,,,,,,,,,,Continue,EFDACB,Images loaded ok,approve with $2.15 bonus,cheerful-quantised,4
12,1571931329044,24/10/2019 15:35:29,1571931327967,-4,24/10/2019 11:35:27,10365,2,questionnaire-mie5,,3241385,AJO13Z6TFG8C8,899207,,complete,yvzbya,,computer,Desktop or Laptop,Windows 10,Chrome 77.0.3865.120,1920x1080,1903x969,approve with $2.15 bonus,IPANAT SAMFE,1,words,English_Native,No_Psych,Responder,a_pos,18+,ACCEPT,≤22,,,,,,,,,,,,,,,,,,,,,,,,,,,,Orders 7 and 9,,,order7,,,,,,,,Continue,order7,,,,,,,Continue,,,,,,,,,,,,,,,,,,,,Continue,EFDACB,Images loaded ok,approve with $2.15 bonus,inhibited,2 - fits somewhat
13,1571931329044,24/10/2019 15:35:29,1571931327968,-4,24/10/2019 11:35:27,10365,2,questionnaire-mie5,,3241385,AJO13Z6TFG8C8,899207,,complete,yvzbya,,computer,Desktop or Laptop,Windows 10,Chrome 77.0.3865.120,1920x1080,1903x969,approve with $2.15 bonus,IPANAT SAMFE,1,words,English_Native,No_Psych,Responder,a_pos,18+,ACCEPT,≤22,,,,,,,,,,,,,,,,,,,,,,,,,,,,Orders 7 and 9,,,order7,,,,,,,,Continue,order7,,,,,,,Continue,,,,,,,,,,,,,,,,,,,,Continue,EFDACB,Images loaded ok,approve with $2.15 bonus,inhibited-quantised,2
14,1571931329044,24/10/2019 15:35:29,1571931327968,-4,24/10/2019 11:35:27,10365,2,questionnaire-mie5,,3241385,AJO13Z6TFG8C8,899207,,complete,yvzbya,,computer,Desktop or Laptop,Windows 10,Chrome 77.0.3865.120,1920x1080,1903x969,approve with $2.15 bonus,IPANAT SAMFE,1,words,English_Native,No_Psych,Responder,a_pos,18+,ACCEPT,≤22,,,,,,,,,,,,,,,,,,,,,,,,,,,,Orders 7 and 9,,,order7,,,,,,,,Continue,order7,,,,,,,Continue,,,,,,,,,,,,,,,,,,,,Continue,EFDACB,Images loaded ok,approve with $2.15 bonus,END QUESTIONNAIRE,7355
1,1571931333420,24/10/2019 15:35:33,1571931353086,-4,24/10/2019 11:35:53,10365,2,questionnaire-mie5,,3241389,A1E3Y8DJR2EQOC,899208,,complete,vmipyf,,computer,Desktop or Laptop,Mac OS 10.11.6,Chrome 77.0.3865.120,1280x800,1276x662,approve with $2.15 bonus,IPANAT SAMFE,1,words,English_Native,No_Psych,,l_pos,18+,,≥23,≥28,,≥33,,ACCEPT,,,,,,,,,≤37,,,,,,,,,,Responder,,,,,,,,,,,,,,,Continue,,,,,,,,,Orders 7 and 9,,,,,,,,,,order7,,,order9,,,Continue,,,Continue,FAEBDC,Images loaded ok,approve with $2.15 bonus,BEGIN QUESTIONNAIRE,
2,1571931348365,24/10/2019 15:35:48,1571931368086,-4,24/10/2019 11:36:08,10365,2,questionnaire-mie5,,3241389,A1E3Y8DJR2EQOC,899208,,complete,vmipyf,,computer,Desktop or Laptop,Mac OS 10.11.6,Chrome 77.0.3865.120,1280x800,1276x662,approve with $2.15 bonus,IPANAT SAMFE,1,words,English_Native,No_Psych,,l_pos,18+,,≥23,≥28,,≥33,,ACCEPT,,,,,,,,,≤37,,,,,,,,,,Responder,,,,,,,,,,,,,,,Continue,,,,,,,,,Orders 7 and 9,,,,,,,,,,order7,,,order9,,,Continue,,,Continue,FAEBDC,Images loaded ok,approve with $2.15 bonus,happy,2 - fits somewhat
3,1571931348475,24/10/2019 15:35:48,1571931368088,-4,24/10/2019 11:36:08,10365,2,questionnaire-mie5,,3241389,A1E3Y8DJR2EQOC,899208,,complete,vmipyf,,computer,Desktop or Laptop,Mac OS 10.11.6,Chrome 77.0.3865.120,1280x800,1276x662,approve with $2.15 bonus,IPANAT SAMFE,1,words,English_Native,No_Psych,,l_pos,18+,,≥23,≥28,,≥33,,ACCEPT,,,,,,,,,≤37,,,,,,,,,,Responder,,,,,,,,,,,,,,,Continue,,,,,,,,,Orders 7 and 9,,,,,,,,,,order7,,,order9,,,Continue,,,Continue,FAEBDC,Images loaded ok,approve with $2.15 bonus,happy-quantised,2
4,1571931348475,24/10/2019 15:35:48,1571931368088,-4,24/10/2019 11:36:08,10365,2,questionnaire-mie5,,3241389,A1E3Y8DJR2EQOC,899208,,complete,vmipyf,,computer,Desktop or Laptop,Mac OS 10.11.6,Chrome 77.0.3865.120,1280x800,1276x662,approve with $2.15 bonus,IPANAT SAMFE,1,words,English_Native,No_Psych,,l_pos,18+,,≥23,≥28,,≥33,,ACCEPT,,,,,,,,,≤37,,,,,,,,,,Responder,,,,,,,,,,,,,,,Continue,,,,,,,,,Orders 7 and 9,,,,,,,,,,order7,,,order9,,,Continue,,,Continue,FAEBDC,Images loaded ok,approve with $2.15 bonus,helpless,1 - doesn't fit at all
5,1571931348475,24/10/2019 15:35:48,1571931368089,-4,24/10/2019 11:36:08,10365,2,questionnaire-mie5,,3241389,A1E3Y8DJR2EQOC,899208,,complete,vmipyf,,computer,Desktop or Laptop,Mac OS 10.11.6,Chrome 77.0.3865.120,1280x800,1276x662,approve with $2.15 bonus,IPANAT SAMFE,1,words,English_Native,No_Psych,,l_pos,18+,,≥23,≥28,,≥33,,ACCEPT,,,,,,,,,≤37,,,,,,,,,,Responder,,,,,,,,,,,,,,,Continue,,,,,,,,,Orders 7 and 9,,,,,,,,,,order7,,,order9,,,Continue,,,Continue,FAEBDC,Images loaded ok,approve with $2.15 bonus,helpless-quantised,1
6,1571931348475,24/10/2019 15:35:48,1571931368089,-4,24/10/2019 11:36:08,10365,2,questionnaire-mie5,,3241389,A1E3Y8DJR2EQOC,899208,,complete,vmipyf,,computer,Desktop or Laptop,Mac OS 10.11.6,Chrome 77.0.3865.120,1280x800,1276x662,approve with $2.15 bonus,IPANAT SAMFE,1,words,English_Native,No_Psych,,l_pos,18+,,≥23,≥28,,≥33,,ACCEPT,,,,,,,,,≤37,,,,,,,,,,Responder,,,,,,,,,,,,,,,Continue,,,,,,,,,Orders 7 and 9,,,,,,,,,,order7,,,order9,,,Continue,,,Continue,FAEBDC,Images loaded ok,approve with $2.15 bonus,energetic,2 - fits somewhat
7,1571931348475,24/10/2019 15:35:48,1571931368089,-4,24/10/2019 11:36:08,10365,2,questionnaire-mie5,,3241389,A1E3Y8DJR2EQOC,899208,,complete,vmipyf,,computer,Desktop or Laptop,Mac OS 10.11.6,Chrome 77.0.3865.120,1280x800,1276x662,approve with $2.15 bonus,IPANAT SAMFE,1,words,English_Native,No_Psych,,l_pos,18+,,≥23,≥28,,≥33,,ACCEPT,,,,,,,,,≤37,,,,,,,,,,Responder,,,,,,,,,,,,,,,Continue,,,,,,,,,Orders 7 and 9,,,,,,,,,,order7,,,order9,,,Continue,,,Continue,FAEBDC,Images loaded ok,approve with $2.15 bonus,energetic-quantised,2
8,1571931348475,24/10/2019 15:35:48,1571931368089,-4,24/10/2019 11:36:08,10365,2,questionnaire-mie5,,3241389,A1E3Y8DJR2EQOC,899208,,complete,vmipyf,,computer,Desktop or Laptop,Mac OS 10.11.6,Chrome 77.0.3865.120,1280x800,1276x662,approve with $2.15 bonus,IPANAT SAMFE,1,words,English_Native,No_Psych,,l_pos,18+,,≥23,≥28,,≥33,,ACCEPT,,,,,,,,,≤37,,,,,,,,,,Responder,,,,,,,,,,,,,,,Continue,,,,,,,,,Orders 7 and 9,,,,,,,,,,order7,,,order9,,,Continue,,,Continue,FAEBDC,Images loaded ok,approve with $2.15 bonus,tense,1 - doesn't fit at all
9,1571931348475,24/10/2019 15:35:48,1571931368090,-4,24/10/2019 11:36:08,10365,2,questionnaire-mie5,,3241389,A1E3Y8DJR2EQOC,899208,,complete,vmipyf,,computer,Desktop or Laptop,Mac OS 10.11.6,Chrome 77.0.3865.120,1280x800,1276x662,approve with $2.15 bonus,IPANAT SAMFE,1,words,English_Native,No_Psych,,l_pos,18+,,≥23,≥28,,≥33,,ACCEPT,,,,,,,,,≤37,,,,,,,,,,Responder,,,,,,,,,,,,,,,Continue,,,,,,,,,Orders 7 and 9,,,,,,,,,,order7,,,order9,,,Continue,,,Continue,FAEBDC,Images loaded ok,approve with $2.15 bonus,tense-quantised,1
10,1571931348475,24/10/2019 15:35:48,1571931368090,-4,24/10/2019 11:36:08,10365,2,questionnaire-mie5,,3241389,A1E3Y8DJR2EQOC,899208,,complete,vmipyf,,computer,Desktop or Laptop,Mac OS 10.11.6,Chrome 77.0.3865.120,1280x800,1276x662,approve with $2.15 bonus,IPANAT SAMFE,1,words,English_Native,No_Psych,,l_pos,18+,,≥23,≥28,,≥33,,ACCEPT,,,,,,,,,≤37,,,,,,,,,,Responder,,,,,,,,,,,,,,,Continue,,,,,,,,,Orders 7 and 9,,,,,,,,,,order7,,,order9,,,Continue,,,Continue,FAEBDC,Images loaded ok,approve with $2.15 bonus,cheerful,2 - fits somewhat
11,1571931348475,24/10/2019 15:35:48,1571931368090,-4,24/10/2019 11:36:08,10365,2,questionnaire-mie5,,3241389,A1E3Y8DJR2EQOC,899208,,complete,vmipyf,,computer,Desktop or Laptop,Mac OS 10.11.6,Chrome 77.0.3865.120,1280x800,1276x662,approve with $2.15 bonus,IPANAT SAMFE,1,words,English_Native,No_Psych,,l_pos,18+,,≥23,≥28,,≥33,,ACCEPT,,,,,,,,,≤37,,,,,,,,,,Responder,,,,,,,,,,,,,,,Continue,,,,,,,,,Orders 7 and 9,,,,,,,,,,order7,,,order9,,,Continue,,,Continue,FAEBDC,Images loaded ok,approve with $2.15 bonus,cheerful-quantised,2
12,1571931348475,24/10/2019 15:35:48,1571931368090,-4,24/10/2019 11:36:08,10365,2,questionnaire-mie5,,3241389,A1E3Y8DJR2EQOC,899208,,complete,vmipyf,,computer,Desktop or Laptop,Mac OS 10.11.6,Chrome 77.0.3865.120,1280x800,1276x662,approve with $2.15 bonus,IPANAT SAMFE,1,words,English_Native,No_Psych,,l_pos,18+,,≥23,≥28,,≥33,,ACCEPT,,,,,,,,,≤37,,,,,,,,,,Responder,,,,,,,,,,,,,,,Continue,,,,,,,,,Orders 7 and 9,,,,,,,,,,order7,,,order9,,,Continue,,,Continue,FAEBDC,Images loaded ok,approve with $2.15 bonus,inhibited,3 - fits quite well
13,1571931348475,24/10/2019 15:35:48,1571931368091,-4,24/10/2019 11:36:08,10365,2,questionnaire-mie5,,3241389,A1E3Y8DJR2EQOC,899208,,complete,vmipyf,,computer,Desktop or Laptop,Mac OS 10.11.6,Chrome 77.0.3865.120,1280x800,1276x662,approve with $2.15 bonus,IPANAT SAMFE,1,words,English_Native,No_Psych,,l_pos,18+,,≥23,≥28,,≥33,,ACCEPT,,,,,,,,,≤37,,,,,,,,,,Responder,,,,,,,,,,,,,,,Continue,,,,,,,,,Orders 7 and 9,,,,,,,,,,order7,,,order9,,,Continue,,,Continue,FAEBDC,Images loaded ok,approve with $2.15 bonus,inhibited-quantised,3
14,1571931348475,24/10/2019 15:35:48,1571931368091,-4,24/10/2019 11:36:08,10365,2,questionnaire-mie5,,3241389,A1E3Y8DJR2EQOC,899208,,complete,vmipyf,,computer,Desktop or Laptop,Mac OS 10.11.6,Chrome 77.0.3865.120,1280x800,1276x662,approve with $2.15 bonus,IPANAT SAMFE,1,words,English_Native,No_Psych,,l_pos,18+,,≥23,≥28,,≥33,,ACCEPT,,,,,,,,,≤37,,,,,,,,,,Responder,,,,,,,,,,,,,,,Continue,,,,,,,,,Orders 7 and 9,,,,,,,,,,order7,,,order9,,,Continue,,,Continue,FAEBDC,Images loaded ok,approve with $2.15 bonus,END QUESTIONNAIRE,15005
1,1571931410734,24/10/2019 15:36:50,1571931411431,-4,24/10/2019 11:36:51,10365,2,questionnaire-mie5,,3241421,AE87K978IXPYP,899229,,complete,ybsjcf,,computer,Desktop or Laptop,Windows 10,Firefox 69.0,2560x1440,2560x1326,approve with $2.15 bonus,IPANAT SAMFE,1,words,English_Native,No_Psych,Responder,a_pos,18+,,≥23,≤27,ACCEPT,,,,,,,,,,,,,,,,,,,,,,,,,,Orders 8 and 10,,,,order8,,,,,Continue,,Continue,,,,,,order8,,,,,,,,,,,,,,,,,,,,,,Continue,ABFCED,Images loaded ok,approve with $2.15 bonus,BEGIN QUESTIONNAIRE,
2,1571931418019,24/10/2019 15:36:58,1571931418747,-4,24/10/2019 11:36:58,10365,2,questionnaire-mie5,,3241421,AE87K978IXPYP,899229,,complete,ybsjcf,,computer,Desktop or Laptop,Windows 10,Firefox 69.0,2560x1440,2560x1326,approve with $2.15 bonus,IPANAT SAMFE,1,words,English_Native,No_Psych,Responder,a_pos,18+,,≥23,≤27,ACCEPT,,,,,,,,,,,,,,,,,,,,,,,,,,Orders 8 and 10,,,,order8,,,,,Continue,,Continue,,,,,,order8,,,,,,,,,,,,,,,,,,,,,,Continue,ABFCED,Images loaded ok,approve with $2.15 bonus,happy,2 - fits somewhat
3,1571931418159,24/10/2019 15:36:58,1571931418751,-4,24/10/2019 11:36:58,10365,2,questionnaire-mie5,,3241421,AE87K978IXPYP,899229,,complete,ybsjcf,,computer,Desktop or Laptop,Windows 10,Firefox 69.0,2560x1440,2560x1326,approve with $2.15 bonus,IPANAT SAMFE,1,words,English_Native,No_Psych,Responder,a_pos,18+,,≥23,≤27,ACCEPT,,,,,,,,,,,,,,,,,,,,,,,,,,Orders 8 and 10,,,,order8,,,,,Continue,,Continue,,,,,,order8,,,,,,,,,,,,,,,,,,,,,,Continue,ABFCED,Images loaded ok,approve with $2.15 bonus,happy-quantised,2
4,1571931418159,24/10/2019 15:36:58,1571931418751,-4,24/10/2019 11:36:58,10365,2,questionnaire-mie5,,3241421,AE87K978IXPYP,899229,,complete,ybsjcf,,computer,Desktop or Laptop,Windows 10,Firefox 69.0,2560x1440,2560x1326,approve with $2.15 bonus,IPANAT SAMFE,1,words,English_Native,No_Psych,Responder,a_pos,18+,,≥23,≤27,ACCEPT,,,,,,,,,,,,,,,,,,,,,,,,,,Orders 8 and 10,,,,order8,,,,,Continue,,Continue,,,,,,order8,,,,,,,,,,,,,,,,,,,,,,Continue,ABFCED,Images loaded ok,approve with $2.15 bonus,helpless,3 - fits quite well
5,1571931418159,24/10/2019 15:36:58,1571931418752,-4,24/10/2019 11:36:58,10365,2,questionnaire-mie5,,3241421,AE87K978IXPYP,899229,,complete,ybsjcf,,computer,Desktop or Laptop,Windows 10,Firefox 69.0,2560x1440,2560x1326,approve with $2.15 bonus,IPANAT SAMFE,1,words,English_Native,No_Psych,Responder,a_pos,18+,,≥23,≤27,ACCEPT,,,,,,,,,,,,,,,,,,,,,,,,,,Orders 8 and 10,,,,order8,,,,,Continue,,Continue,,,,,,order8,,,,,,,,,,,,,,,,,,,,,,Continue,ABFCED,Images loaded ok,approve with $2.15 bonus,helpless-quantised,3
6,1571931418159,24/10/2019 15:36:58,1571931418752,-4,24/10/2019 11:36:58,10365,2,questionnaire-mie5,,3241421,AE87K978IXPYP,899229,,complete,ybsjcf,,computer,Desktop or Laptop,Windows 10,Firefox 69.0,2560x1440,2560x1326,approve with $2.15 bonus,IPANAT SAMFE,1,words,English_Native,No_Psych,Responder,a_pos,18+,,≥23,≤27,ACCEPT,,,,,,,,,,,,,,,,,,,,,,,,,,Orders 8 and 10,,,,order8,,,,,Continue,,Continue,,,,,,order8,,,,,,,,,,,,,,,,,,,,,,Continue,ABFCED,Images loaded ok,approve with $2.15 bonus,energetic,1 - doesn't fit at all
7,1571931418159,24/10/2019 15:36:58,1571931418752,-4,24/10/2019 11:36:58,10365,2,questionnaire-mie5,,3241421,AE87K978IXPYP,899229,,complete,ybsjcf,,computer,Desktop or Laptop,Windows 10,Firefox 69.0,2560x1440,2560x1326,approve with $2.15 bonus,IPANAT SAMFE,1,words,English_Native,No_Psych,Responder,a_pos,18+,,≥23,≤27,ACCEPT,,,,,,,,,,,,,,,,,,,,,,,,,,Orders 8 and 10,,,,order8,,,,,Continue,,Continue,,,,,,order8,,,,,,,,,,,,,,,,,,,,,,Continue,ABFCED,Images loaded ok,approve with $2.15 bonus,energetic-quantised,1
8,1571931418159,24/10/2019 15:36:58,1571931418753,-4,24/10/2019 11:36:58,10365,2,questionnaire-mie5,,3241421,AE87K978IXPYP,899229,,complete,ybsjcf,,computer,Desktop or Laptop,Windows 10,Firefox 69.0,2560x1440,2560x1326,approve with $2.15 bonus,IPANAT SAMFE,1,words,English_Native,No_Psych,Responder,a_pos,18+,,≥23,≤27,ACCEPT,,,,,,,,,,,,,,,,,,,,,,,,,,Orders 8 and 10,,,,order8,,,,,Continue,,Continue,,,,,,order8,,,,,,,,,,,,,,,,,,,,,,Continue,ABFCED,Images loaded ok,approve with $2.15 bonus,tense,3 - fits quite well
9,1571931418159,24/10/2019 15:36:58,1571931418753,-4,24/10/2019 11:36:58,10365,2,questionnaire-mie5,,3241421,AE87K978IXPYP,899229,,complete,ybsjcf,,computer,Desktop or Laptop,Windows 10,Firefox 69.0,2560x1440,2560x1326,approve with $2.15 bonus,IPANAT SAMFE,1,words,English_Native,No_Psych,Responder,a_pos,18+,,≥23,≤27,ACCEPT,,,,,,,,,,,,,,,,,,,,,,,,,,Orders 8 and 10,,,,order8,,,,,Continue,,Continue,,,,,,order8,,,,,,,,,,,,,,,,,,,,,,Continue,ABFCED,Images loaded ok,approve with $2.15 bonus,tense-quantised,3
10,1571931418159,24/10/2019 15:36:58,1571931418753,-4,24/10/2019 11:36:58,10365,2,questionnaire-mie5,,3241421,AE87K978IXPYP,899229,,complete,ybsjcf,,computer,Desktop or Laptop,Windows 10,Firefox 69.0,2560x1440,2560x1326,approve with $2.15 bonus,IPANAT SAMFE,1,words,English_Native,No_Psych,Responder,a_pos,18+,,≥23,≤27,ACCEPT,,,,,,,,,,,,,,,,,,,,,,,,,,Orders 8 and 10,,,,order8,,,,,Continue,,Continue,,,,,,order8,,,,,,,,,,,,,,,,,,,,,,Continue,ABFCED,Images loaded ok,approve with $2.15 bonus,cheerful,2 - fits somewhat
11,1571931418159,24/10/2019 15:36:58,1571931418753,-4,24/10/2019 11:36:58,10365,2,questionnaire-mie5,,3241421,AE87K978IXPYP,899229,,complete,ybsjcf,,computer,Desktop or Laptop,Windows 10,Firefox 69.0,2560x1440,2560x1326,approve with $2.15 bonus,IPANAT SAMFE,1,words,English_Native,No_Psych,Responder,a_pos,18+,,≥23,≤27,ACCEPT,,,,,,,,,,,,,,,,,,,,,,,,,,Orders 8 and 10,,,,order8,,,,,Continue,,Continue,,,,,,order8,,,,,,,,,,,,,,,,,,,,,,Continue,ABFCED,Images loaded ok,approve with $2.15 bonus,cheerful-quantised,2
12,1571931418159,24/10/2019 15:36:58,1571931418753,-4,24/10/2019 11:36:58,10365,2,questionnaire-mie5,,3241421,AE87K978IXPYP,899229,,complete,ybsjcf,,computer,Desktop or Laptop,Windows 10,Firefox 69.0,2560x1440,2560x1326,approve with $2.15 bonus,IPANAT SAMFE,1,words,English_Native,No_Psych,Responder,a_pos,18+,,≥23,≤27,ACCEPT,,,,,,,,,,,,,,,,,,,,,,,,,,Orders 8 and 10,,,,order8,,,,,Continue,,Continue,,,,,,order8,,,,,,,,,,,,,,,,,,,,,,Continue,ABFCED,Images loaded ok,approve with $2.15 bonus,inhibited,3 - fits quite well
13,1571931418159,24/10/2019 15:36:58,1571931418754,-4,24/10/2019 11:36:58,10365,2,questionnaire-mie5,,3241421,AE87K978IXPYP,899229,,complete,ybsjcf,,computer,Desktop or Laptop,Windows 10,Firefox 69.0,2560x1440,2560x1326,approve with $2.15 bonus,IPANAT SAMFE,1,words,English_Native,No_Psych,Responder,a_pos,18+,,≥23,≤27,ACCEPT,,,,,,,,,,,,,,,,,,,,,,,,,,Orders 8 and 10,,,,order8,,,,,Continue,,Continue,,,,,,order8,,,,,,,,,,,,,,,,,,,,,,Continue,ABFCED,Images loaded ok,approve with $2.15 bonus,inhibited-quantised,3
14,1571931418159,24/10/2019 15:36:58,1571931418754,-4,24/10/2019 11:36:58,10365,2,questionnaire-mie5,,3241421,AE87K978IXPYP,899229,,complete,ybsjcf,,computer,Desktop or Laptop,Windows 10,Firefox 69.0,2560x1440,2560x1326,approve with $2.15 bonus,IPANAT SAMFE,1,words,English_Native,No_Psych,Responder,a_pos,18+,,≥23,≤27,ACCEPT,,,,,,,,,,,,,,,,,,,,,,,,,,Orders 8 and 10,,,,order8,,,,,Continue,,Continue,,,,,,order8,,,,,,,,,,,,,,,,,,,,,,Continue,ABFCED,Images loaded ok,approve with $2.15 bonus,END QUESTIONNAIRE,7323
1,1571931446180,24/10/2019 15:37:26,1571931448526,-7,24/10/2019 08:37:28,10365,2,questionnaire-mie5,,3241430,AJ86CAZX0QCE9,899195,,complete,szhruo,,computer,Desktop or Laptop,Windows 10,Chrome 78.0.3904.70,1536x864,1536x722,approve with $2.15 bonus,IPANAT SAMFE,1,words,English_Native,No_Psych,,l_pos,18+,,≥23,≥28,,≥33,,,ACCEPT,,,,,,,,≥38,≤42,,,,,,,,,Responder,,,,,,,,,,,,,,,Continue,,,,,,,,,Orders 8 and 10,,,,,,,,,,,,order10,,order8,,,Continue,,Continue,BCADFE,Images loaded ok,approve with $2.15 bonus,BEGIN QUESTIONNAIRE,
2,1571931460984,24/10/2019 15:37:40,1571931463310,-7,24/10/2019 08:37:43,10365,2,questionnaire-mie5,,3241430,AJ86CAZX0QCE9,899195,,complete,szhruo,,computer,Desktop or Laptop,Windows 10,Chrome 78.0.3904.70,1536x864,1519x722,approve with $2.15 bonus,IPANAT SAMFE,1,words,English_Native,No_Psych,,l_pos,18+,,≥23,≥28,,≥33,,,ACCEPT,,,,,,,,≥38,≤42,,,,,,,,,Responder,,,,,,,,,,,,,,,Continue,,,,,,,,,Orders 8 and 10,,,,,,,,,,,,order10,,order8,,,Continue,,Continue,BCADFE,Images loaded ok,approve with $2.15 bonus,happy,1 - doesn't fit at all
3,1571931461187,24/10/2019 15:37:41,1571931463313,-7,24/10/2019 08:37:43,10365,2,questionnaire-mie5,,3241430,AJ86CAZX0QCE9,899195,,complete,szhruo,,computer,Desktop or Laptop,Windows 10,Chrome 78.0.3904.70,1536x864,1519x722,approve with $2.15 bonus,IPANAT SAMFE,1,words,English_Native,No_Psych,,l_pos,18+,,≥23,≥28,,≥33,,,ACCEPT,,,,,,,,≥38,≤42,,,,,,,,,Responder,,,,,,,,,,,,,,,Continue,,,,,,,,,Orders 8 and 10,,,,,,,,,,,,order10,,order8,,,Continue,,Continue,BCADFE,Images loaded ok,approve with $2.15 bonus,happy-quantised,1
4,1571931461187,24/10/2019 15:37:41,1571931463314,-7,24/10/2019 08:37:43,10365,2,questionnaire-mie5,,3241430,AJ86CAZX0QCE9,899195,,complete,szhruo,,computer,Desktop or Laptop,Windows 10,Chrome 78.0.3904.70,1536x864,1519x722,approve with $2.15 bonus,IPANAT SAMFE,1,words,English_Native,No_Psych,,l_pos,18+,,≥23,≥28,,≥33,,,ACCEPT,,,,,,,,≥38,≤42,,,,,,,,,Responder,,,,,,,,,,,,,,,Continue,,,,,,,,,Orders 8 and 10,,,,,,,,,,,,order10,,order8,,,Continue,,Continue,BCADFE,Images loaded ok,approve with $2.15 bonus,helpless,3 - fits quite well
5,1571931461187,24/10/2019 15:37:41,1571931463314,-7,24/10/2019 08:37:43,10365,2,questionnaire-mie5,,3241430,AJ86CAZX0QCE9,899195,,complete,szhruo,,computer,Desktop or Laptop,Windows 10,Chrome 78.0.3904.70,1536x864,1519x722,approve with $2.15 bonus,IPANAT SAMFE,1,words,English_Native,No_Psych,,l_pos,18+,,≥23,≥28,,≥33,,,ACCEPT,,,,,,,,≥38,≤42,,,,,,,,,Responder,,,,,,,,,,,,,,,Continue,,,,,,,,,Orders 8 and 10,,,,,,,,,,,,order10,,order8,,,Continue,,Continue,BCADFE,Images loaded ok,approve with $2.15 bonus,helpless-quantised,3
6,1571931461187,24/10/2019 15:37:41,1571931463314,-7,24/10/2019 08:37:43,10365,2,questionnaire-mie5,,3241430,AJ86CAZX0QCE9,899195,,complete,szhruo,,computer,Desktop or Laptop,Windows 10,Chrome 78.0.3904.70,1536x864,1519x722,approve with $2.15 bonus,IPANAT SAMFE,1,words,English_Native,No_Psych,,l_pos,18+,,≥23,≥28,,≥33,,,ACCEPT,,,,,,,,≥38,≤42,,,,,,,,,Responder,,,,,,,,,,,,,,,Continue,,,,,,,,,Orders 8 and 10,,,,,,,,,,,,order10,,order8,,,Continue,,Continue,BCADFE,Images loaded ok,approve with $2.15 bonus,energetic,1 - doesn't fit at all
7,1571931461187,24/10/2019 15:37:41,1571931463314,-7,24/10/2019 08:37:43,10365,2,questionnaire-mie5,,3241430,AJ86CAZX0QCE9,899195,,complete,szhruo,,computer,Desktop or Laptop,Windows 10,Chrome 78.0.3904.70,1536x864,1519x722,approve with $2.15 bonus,IPANAT SAMFE,1,words,English_Native,No_Psych,,l_pos,18+,,≥23,≥28,,≥33,,,ACCEPT,,,,,,,,≥38,≤42,,,,,,,,,Responder,,,,,,,,,,,,,,,Continue,,,,,,,,,Orders 8 and 10,,,,,,,,,,,,order10,,order8,,,Continue,,Continue,BCADFE,Images loaded ok,approve with $2.15 bonus,energetic-quantised,1
8,1571931461187,24/10/2019 15:37:41,1571931463315,-7,24/10/2019 08:37:43,10365,2,questionnaire-mie5,,3241430,AJ86CAZX0QCE9,899195,,complete,szhruo,,computer,Desktop or Laptop,Windows 10,Chrome 78.0.3904.70,1536x864,1519x722,approve with $2.15 bonus,IPANAT SAMFE,1,words,English_Native,No_Psych,,l_pos,18+,,≥23,≥28,,≥33,,,ACCEPT,,,,,,,,≥38,≤42,,,,,,,,,Responder,,,,,,,,,,,,,,,Continue,,,,,,,,,Orders 8 and 10,,,,,,,,,,,,order10,,order8,,,Continue,,Continue,BCADFE,Images loaded ok,approve with $2.15 bonus,tense,3 - fits quite well
9,1571931461187,24/10/2019 15:37:41,1571931463315,-7,24/10/2019 08:37:43,10365,2,questionnaire-mie5,,3241430,AJ86CAZX0QCE9,899195,,complete,szhruo,,computer,Desktop or Laptop,Windows 10,Chrome 78.0.3904.70,1536x864,1519x722,approve with $2.15 bonus,IPANAT SAMFE,1,words,English_Native,No_Psych,,l_pos,18+,,≥23,≥28,,≥33,,,ACCEPT,,,,,,,,≥38,≤42,,,,,,,,,Responder,,,,,,,,,,,,,,,Continue,,,,,,,,,Orders 8 and 10,,,,,,,,,,,,order10,,order8,,,Continue,,Continue,BCADFE,Images loaded ok,approve with $2.15 bonus,tense-quantised,3
10,1571931461187,24/10/2019 15:37:41,1571931463315,-7,24/10/2019 08:37:43,10365,2,questionnaire-mie5,,3241430,AJ86CAZX0QCE9,899195,,complete,szhruo,,computer,Desktop or Laptop,Windows 10,Chrome 78.0.3904.70,1536x864,1519x722,approve with $2.15 bonus,IPANAT SAMFE,1,words,English_Native,No_Psych,,l_pos,18+,,≥23,≥28,,≥33,,,ACCEPT,,,,,,,,≥38,≤42,,,,,,,,,Responder,,,,,,,,,,,,,,,Continue,,,,,,,,,Orders 8 and 10,,,,,,,,,,,,order10,,order8,,,Continue,,Continue,BCADFE,Images loaded ok,approve with $2.15 bonus,cheerful,1 - doesn't fit at all
11,1571931461187,24/10/2019 15:37:41,1571931463316,-7,24/10/2019 08:37:43,10365,2,questionnaire-mie5,,3241430,AJ86CAZX0QCE9,899195,,complete,szhruo,,computer,Desktop or Laptop,Windows 10,Chrome 78.0.3904.70,1536x864,1519x722,approve with $2.15 bonus,IPANAT SAMFE,1,words,English_Native,No_Psych,,l_pos,18+,,≥23,≥28,,≥33,,,ACCEPT,,,,,,,,≥38,≤42,,,,,,,,,Responder,,,,,,,,,,,,,,,Continue,,,,,,,,,Orders 8 and 10,,,,,,,,,,,,order10,,order8,,,Continue,,Continue,BCADFE,Images loaded ok,approve with $2.15 bonus,cheerful-quantised,1
12,1571931461187,24/10/2019 15:37:41,1571931463316,-7,24/10/2019 08:37:43,10365,2,questionnaire-mie5,,3241430,AJ86CAZX0QCE9,899195,,complete,szhruo,,computer,Desktop or Laptop,Windows 10,Chrome 78.0.3904.70,1536x864,1519x722,approve with $2.15 bonus,IPANAT SAMFE,1,words,English_Native,No_Psych,,l_pos,18+,,≥23,≥28,,≥33,,,ACCEPT,,,,,,,,≥38,≤42,,,,,,,,,Responder,,,,,,,,,,,,,,,Continue,,,,,,,,,Orders 8 and 10,,,,,,,,,,,,order10,,order8,,,Continue,,Continue,BCADFE,Images loaded ok,approve with $2.15 bonus,inhibited,3 - fits quite well
13,1571931461187,24/10/2019 15:37:41,1571931463316,-7,24/10/2019 08:37:43,10365,2,questionnaire-mie5,,3241430,AJ86CAZX0QCE9,899195,,complete,szhruo,,computer,Desktop or Laptop,Windows 10,Chrome 78.0.3904.70,1536x864,1519x722,approve with $2.15 bonus,IPANAT SAMFE,1,words,English_Native,No_Psych,,l_pos,18+,,≥23,≥28,,≥33,,,ACCEPT,,,,,,,,≥38,≤42,,,,,,,,,Responder,,,,,,,,,,,,,,,Continue,,,,,,,,,Orders 8 and 10,,,,,,,,,,,,order10,,order8,,,Continue,,Continue,BCADFE,Images loaded ok,approve with $2.15 bonus,inhibited-quantised,3
14,1571931461187,24/10/2019 15:37:41,1571931463316,-7,24/10/2019 08:37:43,10365,2,questionnaire-mie5,,3241430,AJ86CAZX0QCE9,899195,,complete,szhruo,,computer,Desktop or Laptop,Windows 10,Chrome 78.0.3904.70,1536x864,1519x722,approve with $2.15 bonus,IPANAT SAMFE,1,words,English_Native,No_Psych,,l_pos,18+,,≥23,≥28,,≥33,,,ACCEPT,,,,,,,,≥38,≤42,,,,,,,,,Responder,,,,,,,,,,,,,,,Continue,,,,,,,,,Orders 8 and 10,,,,,,,,,,,,order10,,order8,,,Continue,,Continue,BCADFE,Images loaded ok,approve with $2.15 bonus,END QUESTIONNAIRE,14790
1,1571931697045,24/10/2019 15:41:37,1571931702364,-6,24/10/2019 09:41:42,10365,2,questionnaire-mie5,,3241522,A3PE584GW0LSZB,899238,,complete,zardls,,computer,Desktop or Laptop,Mac OS 10.11.6,Safari 11.1.2,2560x1440,2124x1193,approve with $2.15 bonus,IPANAT SAMFE,1,words,English_Native,No_Psych,Responder,a_pos,18+,,≥23,≥28,,≥33,,,,,,,,,ACCEPT,,≥38,≥43,≥48,≥53,≥58,≥63,≥68,≤72,,,,order1,,,Orders 1 and 3,,,,,,,Continue,,,order3,Continue,,,,,,,,,,,,,,,,,,,,,,,,,,,,Continue,CDBEAF,Images loaded ok,approve with $2.15 bonus,BEGIN QUESTIONNAIRE,
2,1571931714383,24/10/2019 15:41:54,1571931719734,-6,24/10/2019 09:41:59,10365,2,questionnaire-mie5,,3241522,A3PE584GW0LSZB,899238,,complete,zardls,,computer,Desktop or Laptop,Mac OS 10.11.6,Safari 11.1.2,2560x1440,2124x1193,approve with $2.15 bonus,IPANAT SAMFE,1,words,English_Native,No_Psych,Responder,a_pos,18+,,≥23,≥28,,≥33,,,,,,,,,ACCEPT,,≥38,≥43,≥48,≥53,≥58,≥63,≥68,≤72,,,,order1,,,Orders 1 and 3,,,,,,,Continue,,,order3,Continue,,,,,,,,,,,,,,,,,,,,,,,,,,,,Continue,CDBEAF,Images loaded ok,approve with $2.15 bonus,happy,2 - fits somewhat
3,1571931714571,24/10/2019 15:41:54,1571931719736,-6,24/10/2019 09:41:59,10365,2,questionnaire-mie5,,3241522,A3PE584GW0LSZB,899238,,complete,zardls,,computer,Desktop or Laptop,Mac OS 10.11.6,Safari 11.1.2,2560x1440,2124x1193,approve with $2.15 bonus,IPANAT SAMFE,1,words,English_Native,No_Psych,Responder,a_pos,18+,,≥23,≥28,,≥33,,,,,,,,,ACCEPT,,≥38,≥43,≥48,≥53,≥58,≥63,≥68,≤72,,,,order1,,,Orders 1 and 3,,,,,,,Continue,,,order3,Continue,,,,,,,,,,,,,,,,,,,,,,,,,,,,Continue,CDBEAF,Images loaded ok,approve with $2.15 bonus,happy-quantised,2
4,1571931714571,24/10/2019 15:41:54,1571931719737,-6,24/10/2019 09:41:59,10365,2,questionnaire-mie5,,3241522,A3PE584GW0LSZB,899238,,complete,zardls,,computer,Desktop or Laptop,Mac OS 10.11.6,Safari 11.1.2,2560x1440,2124x1193,approve with $2.15 bonus,IPANAT SAMFE,1,words,English_Native,No_Psych,Responder,a_pos,18+,,≥23,≥28,,≥33,,,,,,,,,ACCEPT,,≥38,≥43,≥48,≥53,≥58,≥63,≥68,≤72,,,,order1,,,Orders 1 and 3,,,,,,,Continue,,,order3,Continue,,,,,,,,,,,,,,,,,,,,,,,,,,,,Continue,CDBEAF,Images loaded ok,approve with $2.15 bonus,helpless,1 - doesn't fit at all
5,1571931714571,24/10/2019 15:41:54,1571931719737,-6,24/10/2019 09:41:59,10365,2,questionnaire-mie5,,3241522,A3PE584GW0LSZB,899238,,complete,zardls,,computer,Desktop or Laptop,Mac OS 10.11.6,Safari 11.1.2,2560x1440,2124x1193,approve with $2.15 bonus,IPANAT SAMFE,1,words,English_Native,No_Psych,Responder,a_pos,18+,,≥23,≥28,,≥33,,,,,,,,,ACCEPT,,≥38,≥43,≥48,≥53,≥58,≥63,≥68,≤72,,,,order1,,,Orders 1 and 3,,,,,,,Continue,,,order3,Continue,,,,,,,,,,,,,,,,,,,,,,,,,,,,Continue,CDBEAF,Images loaded ok,approve with $2.15 bonus,helpless-quantised,1
6,1571931714571,24/10/2019 15:41:54,1571931719737,-6,24/10/2019 09:41:59,10365,2,questionnaire-mie5,,3241522,A3PE584GW0LSZB,899238,,complete,zardls,,computer,Desktop or Laptop,Mac OS 10.11.6,Safari 11.1.2,2560x1440,2124x1193,approve with $2.15 bonus,IPANAT SAMFE,1,words,English_Native,No_Psych,Responder,a_pos,18+,,≥23,≥28,,≥33,,,,,,,,,ACCEPT,,≥38,≥43,≥48,≥53,≥58,≥63,≥68,≤72,,,,order1,,,Orders 1 and 3,,,,,,,Continue,,,order3,Continue,,,,,,,,,,,,,,,,,,,,,,,,,,,,Continue,CDBEAF,Images loaded ok,approve with $2.15 bonus,energetic,3 - fits quite well
7,1571931714571,24/10/2019 15:41:54,1571931719737,-6,24/10/2019 09:41:59,10365,2,questionnaire-mie5,,3241522,A3PE584GW0LSZB,899238,,complete,zardls,,computer,Desktop or Laptop,Mac OS 10.11.6,Safari 11.1.2,2560x1440,2124x1193,approve with $2.15 bonus,IPANAT SAMFE,1,words,English_Native,No_Psych,Responder,a_pos,18+,,≥23,≥28,,≥33,,,,,,,,,ACCEPT,,≥38,≥43,≥48,≥53,≥58,≥63,≥68,≤72,,,,order1,,,Orders 1 and 3,,,,,,,Continue,,,order3,Continue,,,,,,,,,,,,,,,,,,,,,,,,,,,,Continue,CDBEAF,Images loaded ok,approve with $2.15 bonus,energetic-quantised,3
8,1571931714571,24/10/2019 15:41:54,1571931719737,-6,24/10/2019 09:41:59,10365,2,questionnaire-mie5,,3241522,A3PE584GW0LSZB,899238,,complete,zardls,,computer,Desktop or Laptop,Mac OS 10.11.6,Safari 11.1.2,2560x1440,2124x1193,approve with $2.15 bonus,IPANAT SAMFE,1,words,English_Native,No_Psych,Responder,a_pos,18+,,≥23,≥28,,≥33,,,,,,,,,ACCEPT,,≥38,≥43,≥48,≥53,≥58,≥63,≥68,≤72,,,,order1,,,Orders 1 and 3,,,,,,,Continue,,,order3,Continue,,,,,,,,,,,,,,,,,,,,,,,,,,,,Continue,CDBEAF,Images loaded ok,approve with $2.15 bonus,tense,2 - fits somewhat
9,1571931714571,24/10/2019 15:41:54,1571931719738,-6,24/10/2019 09:41:59,10365,2,questionnaire-mie5,,3241522,A3PE584GW0LSZB,899238,,complete,zardls,,computer,Desktop or Laptop,Mac OS 10.11.6,Safari 11.1.2,2560x1440,2124x1193,approve with $2.15 bonus,IPANAT SAMFE,1,words,English_Native,No_Psych,Responder,a_pos,18+,,≥23,≥28,,≥33,,,,,,,,,ACCEPT,,≥38,≥43,≥48,≥53,≥58,≥63,≥68,≤72,,,,order1,,,Orders 1 and 3,,,,,,,Continue,,,order3,Continue,,,,,,,,,,,,,,,,,,,,,,,,,,,,Continue,CDBEAF,Images loaded ok,approve with $2.15 bonus,tense-quantised,2
10,1571931714571,24/10/2019 15:41:54,1571931719738,-6,24/10/2019 09:41:59,10365,2,questionnaire-mie5,,3241522,A3PE584GW0LSZB,899238,,complete,zardls,,computer,Desktop or Laptop,Mac OS 10.11.6,Safari 11.1.2,2560x1440,2124x1193,approve with $2.15 bonus,IPANAT SAMFE,1,words,English_Native,No_Psych,Responder,a_pos,18+,,≥23,≥28,,≥33,,,,,,,,,ACCEPT,,≥38,≥43,≥48,≥53,≥58,≥63,≥68,≤72,,,,order1,,,Orders 1 and 3,,,,,,,Continue,,,order3,Continue,,,,,,,,,,,,,,,,,,,,,,,,,,,,Continue,CDBEAF,Images loaded ok,approve with $2.15 bonus,cheerful,2 - fits somewhat
11,1571931714571,24/10/2019 15:41:54,1571931719738,-6,24/10/2019 09:41:59,10365,2,questionnaire-mie5,,3241522,A3PE584GW0LSZB,899238,,complete,zardls,,computer,Desktop or Laptop,Mac OS 10.11.6,Safari 11.1.2,2560x1440,2124x1193,approve with $2.15 bonus,IPANAT SAMFE,1,words,English_Native,No_Psych,Responder,a_pos,18+,,≥23,≥28,,≥33,,,,,,,,,ACCEPT,,≥38,≥43,≥48,≥53,≥58,≥63,≥68,≤72,,,,order1,,,Orders 1 and 3,,,,,,,Continue,,,order3,Continue,,,,,,,,,,,,,,,,,,,,,,,,,,,,Continue,CDBEAF,Images loaded ok,approve with $2.15 bonus,cheerful-quantised,2
12,1571931714571,24/10/2019 15:41:54,1571931719738,-6,24/10/2019 09:41:59,10365,2,questionnaire-mie5,,3241522,A3PE584GW0LSZB,899238,,complete,zardls,,computer,Desktop or Laptop,Mac OS 10.11.6,Safari 11.1.2,2560x1440,2124x1193,approve with $2.15 bonus,IPANAT SAMFE,1,words,English_Native,No_Psych,Responder,a_pos,18+,,≥23,≥28,,≥33,,,,,,,,,ACCEPT,,≥38,≥43,≥48,≥53,≥58,≥63,≥68,≤72,,,,order1,,,Orders 1 and 3,,,,,,,Continue,,,order3,Continue,,,,,,,,,,,,,,,,,,,,,,,,,,,,Continue,CDBEAF,Images loaded ok,approve with $2.15 bonus,inhibited,2 - fits somewhat
13,1571931714571,24/10/2019 15:41:54,1571931719738,-6,24/10/2019 09:41:59,10365,2,questionnaire-mie5,,3241522,A3PE584GW0LSZB,899238,,complete,zardls,,computer,Desktop or Laptop,Mac OS 10.11.6,Safari 11.1.2,2560x1440,2124x1193,approve with $2.15 bonus,IPANAT SAMFE,1,words,English_Native,No_Psych,Responder,a_pos,18+,,≥23,≥28,,≥33,,,,,,,,,ACCEPT,,≥38,≥43,≥48,≥53,≥58,≥63,≥68,≤72,,,,order1,,,Orders 1 and 3,,,,,,,Continue,,,order3,Continue,,,,,,,,,,,,,,,,,,,,,,,,,,,,Continue,CDBEAF,Images loaded ok,approve with $2.15 bonus,inhibited-quantised,2
14,1571931714571,24/10/2019 15:41:54,1571931719739,-6,24/10/2019 09:41:59,10365,2,questionnaire-mie5,,3241522,A3PE584GW0LSZB,899238,,complete,zardls,,computer,Desktop or Laptop,Mac OS 10.11.6,Safari 11.1.2,2560x1440,2124x1193,approve with $2.15 bonus,IPANAT SAMFE,1,words,English_Native,No_Psych,Responder,a_pos,18+,,≥23,≥28,,≥33,,,,,,,,,ACCEPT,,≥38,≥43,≥48,≥53,≥58,≥63,≥68,≤72,,,,order1,,,Orders 1 and 3,,,,,,,Continue,,,order3,Continue,,,,,,,,,,,,,,,,,,,,,,,,,,,,Continue,CDBEAF,Images loaded ok,approve with $2.15 bonus,END QUESTIONNAIRE,17375
1,1571931932149,24/10/2019 15:45:32,1571931932135,-5,24/10/2019 10:45:32,10365,2,questionnaire-mie5,,3241587,A34Y00EAWB242M,899259,,complete,biolxj,,computer,Desktop or Laptop,Windows 10,Chrome 77.0.3865.120,1536x864,1522x714,approve with $2.15 bonus,IPANAT SAMFE,1,words,English_Native,No_Psych,,l_pos,18+,,≥23,≥28,,≥33,,,ACCEPT,,,,,,,,≥38,≤42,,,,,,,,,Responder,,,,,,,,,,,,,,,Continue,,,,,,,,,Orders 8 and 10,,,,,,,,,,,,order8,,order8,,,Continue,,Continue,DECFBA,Images loaded ok,approve with $2.15 bonus,BEGIN QUESTIONNAIRE,
2,1571931946689,24/10/2019 15:45:46,1571931946783,-5,24/10/2019 10:45:46,10365,2,questionnaire-mie5,,3241587,A34Y00EAWB242M,899259,,complete,biolxj,,computer,Desktop or Laptop,Windows 10,Chrome 77.0.3865.120,1536x864,1506x714,approve with $2.15 bonus,IPANAT SAMFE,1,words,English_Native,No_Psych,,l_pos,18+,,≥23,≥28,,≥33,,,ACCEPT,,,,,,,,≥38,≤42,,,,,,,,,Responder,,,,,,,,,,,,,,,Continue,,,,,,,,,Orders 8 and 10,,,,,,,,,,,,order8,,order8,,,Continue,,Continue,DECFBA,Images loaded ok,approve with $2.15 bonus,happy,1 - doesn't fit at all
3,1571931946907,24/10/2019 15:45:46,1571931946785,-5,24/10/2019 10:45:46,10365,2,questionnaire-mie5,,3241587,A34Y00EAWB242M,899259,,complete,biolxj,,computer,Desktop or Laptop,Windows 10,Chrome 77.0.3865.120,1536x864,1506x714,approve with $2.15 bonus,IPANAT SAMFE,1,words,English_Native,No_Psych,,l_pos,18+,,≥23,≥28,,≥33,,,ACCEPT,,,,,,,,≥38,≤42,,,,,,,,,Responder,,,,,,,,,,,,,,,Continue,,,,,,,,,Orders 8 and 10,,,,,,,,,,,,order8,,order8,,,Continue,,Continue,DECFBA,Images loaded ok,approve with $2.15 bonus,happy-quantised,1
4,1571931946907,24/10/2019 15:45:46,1571931946785,-5,24/10/2019 10:45:46,10365,2,questionnaire-mie5,,3241587,A34Y00EAWB242M,899259,,complete,biolxj,,computer,Desktop or Laptop,Windows 10,Chrome 77.0.3865.120,1536x864,1506x714,approve with $2.15 bonus,IPANAT SAMFE,1,words,English_Native,No_Psych,,l_pos,18+,,≥23,≥28,,≥33,,,ACCEPT,,,,,,,,≥38,≤42,,,,,,,,,Responder,,,,,,,,,,,,,,,Continue,,,,,,,,,Orders 8 and 10,,,,,,,,,,,,order8,,order8,,,Continue,,Continue,DECFBA,Images loaded ok,approve with $2.15 bonus,helpless,3 - fits quite well
5,1571931946907,24/10/2019 15:45:46,1571931946785,-5,24/10/2019 10:45:46,10365,2,questionnaire-mie5,,3241587,A34Y00EAWB242M,899259,,complete,biolxj,,computer,Desktop or Laptop,Windows 10,Chrome 77.0.3865.120,1536x864,1506x714,approve with $2.15 bonus,IPANAT SAMFE,1,words,English_Native,No_Psych,,l_pos,18+,,≥23,≥28,,≥33,,,ACCEPT,,,,,,,,≥38,≤42,,,,,,,,,Responder,,,,,,,,,,,,,,,Continue,,,,,,,,,Orders 8 and 10,,,,,,,,,,,,order8,,order8,,,Continue,,Continue,DECFBA,Images loaded ok,approve with $2.15 bonus,helpless-quantised,3
6,1571931946907,24/10/2019 15:45:46,1571931946785,-5,24/10/2019 10:45:46,10365,2,questionnaire-mie5,,3241587,A34Y00EAWB242M,899259,,complete,biolxj,,computer,Desktop or Laptop,Windows 10,Chrome 77.0.3865.120,1536x864,1506x714,approve with $2.15 bonus,IPANAT SAMFE,1,words,English_Native,No_Psych,,l_pos,18+,,≥23,≥28,,≥33,,,ACCEPT,,,,,,,,≥38,≤42,,,,,,,,,Responder,,,,,,,,,,,,,,,Continue,,,,,,,,,Orders 8 and 10,,,,,,,,,,,,order8,,order8,,,Continue,,Continue,DECFBA,Images loaded ok,approve with $2.15 bonus,energetic,1 - doesn't fit at all
7,1571931946907,24/10/2019 15:45:46,1571931946785,-5,24/10/2019 10:45:46,10365,2,questionnaire-mie5,,3241587,A34Y00EAWB242M,899259,,complete,biolxj,,computer,Desktop or Laptop,Windows 10,Chrome 77.0.3865.120,1536x864,1506x714,approve with $2.15 bonus,IPANAT SAMFE,1,words,English_Native,No_Psych,,l_pos,18+,,≥23,≥28,,≥33,,,ACCEPT,,,,,,,,≥38,≤42,,,,,,,,,Responder,,,,,,,,,,,,,,,Continue,,,,,,,,,Orders 8 and 10,,,,,,,,,,,,order8,,order8,,,Continue,,Continue,DECFBA,Images loaded ok,approve with $2.15 bonus,energetic-quantised,1
8,1571931946907,24/10/2019 15:45:46,1571931946785,-5,24/10/2019 10:45:46,10365,2,questionnaire-mie5,,3241587,A34Y00EAWB242M,899259,,complete,biolxj,,computer,Desktop or Laptop,Windows 10,Chrome 77.0.3865.120,1536x864,1506x714,approve with $2.15 bonus,IPANAT SAMFE,1,words,English_Native,No_Psych,,l_pos,18+,,≥23,≥28,,≥33,,,ACCEPT,,,,,,,,≥38,≤42,,,,,,,,,Responder,,,,,,,,,,,,,,,Continue,,,,,,,,,Orders 8 and 10,,,,,,,,,,,,order8,,order8,,,Continue,,Continue,DECFBA,Images loaded ok,approve with $2.15 bonus,tense,4 - fits very well
9,1571931946907,24/10/2019 15:45:46,1571931946785,-5,24/10/2019 10:45:46,10365,2,questionnaire-mie5,,3241587,A34Y00EAWB242M,899259,,complete,biolxj,,computer,Desktop or Laptop,Windows 10,Chrome 77.0.3865.120,1536x864,1506x714,approve with $2.15 bonus,IPANAT SAMFE,1,words,English_Native,No_Psych,,l_pos,18+,,≥23,≥28,,≥33,,,ACCEPT,,,,,,,,≥38,≤42,,,,,,,,,Responder,,,,,,,,,,,,,,,Continue,,,,,,,,,Orders 8 and 10,,,,,,,,,,,,order8,,order8,,,Continue,,Continue,DECFBA,Images loaded ok,approve with $2.15 bonus,tense-quantised,4
10,1571931946907,24/10/2019 15:45:46,1571931946786,-5,24/10/2019 10:45:46,10365,2,questionnaire-mie5,,3241587,A34Y00EAWB242M,899259,,complete,biolxj,,computer,Desktop or Laptop,Windows 10,Chrome 77.0.3865.120,1536x864,1506x714,approve with $2.15 bonus,IPANAT SAMFE,1,words,English_Native,No_Psych,,l_pos,18+,,≥23,≥28,,≥33,,,ACCEPT,,,,,,,,≥38,≤42,,,,,,,,,Responder,,,,,,,,,,,,,,,Continue,,,,,,,,,Orders 8 and 10,,,,,,,,,,,,order8,,order8,,,Continue,,Continue,DECFBA,Images loaded ok,approve with $2.15 bonus,cheerful,1 - doesn't fit at all
11,1571931946907,24/10/2019 15:45:46,1571931946786,-5,24/10/2019 10:45:46,10365,2,questionnaire-mie5,,3241587,A34Y00EAWB242M,899259,,complete,biolxj,,computer,Desktop or Laptop,Windows 10,Chrome 77.0.3865.120,1536x864,1506x714,approve with $2.15 bonus,IPANAT SAMFE,1,words,English_Native,No_Psych,,l_pos,18+,,≥23,≥28,,≥33,,,ACCEPT,,,,,,,,≥38,≤42,,,,,,,,,Responder,,,,,,,,,,,,,,,Continue,,,,,,,,,Orders 8 and 10,,,,,,,,,,,,order8,,order8,,,Continue,,Continue,DECFBA,Images loaded ok,approve with $2.15 bonus,cheerful-quantised,1
12,1571931946907,24/10/2019 15:45:46,1571931946786,-5,24/10/2019 10:45:46,10365,2,questionnaire-mie5,,3241587,A34Y00EAWB242M,899259,,complete,biolxj,,computer,Desktop or Laptop,Windows 10,Chrome 77.0.3865.120,1536x864,1506x714,approve with $2.15 bonus,IPANAT SAMFE,1,words,English_Native,No_Psych,,l_pos,18+,,≥23,≥28,,≥33,,,ACCEPT,,,,,,,,≥38,≤42,,,,,,,,,Responder,,,,,,,,,,,,,,,Continue,,,,,,,,,Orders 8 and 10,,,,,,,,,,,,order8,,order8,,,Continue,,Continue,DECFBA,Images loaded ok,approve with $2.15 bonus,inhibited,2 - fits somewhat
13,1571931946907,24/10/2019 15:45:46,1571931946786,-5,24/10/2019 10:45:46,10365,2,questionnaire-mie5,,3241587,A34Y00EAWB242M,899259,,complete,biolxj,,computer,Desktop or Laptop,Windows 10,Chrome 77.0.3865.120,1536x864,1506x714,approve with $2.15 bonus,IPANAT SAMFE,1,words,English_Native,No_Psych,,l_pos,18+,,≥23,≥28,,≥33,,,ACCEPT,,,,,,,,≥38,≤42,,,,,,,,,Responder,,,,,,,,,,,,,,,Continue,,,,,,,,,Orders 8 and 10,,,,,,,,,,,,order8,,order8,,,Continue,,Continue,DECFBA,Images loaded ok,approve with $2.15 bonus,inhibited-quantised,2
14,1571931946907,24/10/2019 15:45:46,1571931946786,-5,24/10/2019 10:45:46,10365,2,questionnaire-mie5,,3241587,A34Y00EAWB242M,899259,,complete,biolxj,,computer,Desktop or Laptop,Windows 10,Chrome 77.0.3865.120,1536x864,1506x714,approve with $2.15 bonus,IPANAT SAMFE,1,words,English_Native,No_Psych,,l_pos,18+,,≥23,≥28,,≥33,,,ACCEPT,,,,,,,,≥38,≤42,,,,,,,,,Responder,,,,,,,,,,,,,,,Continue,,,,,,,,,Orders 8 and 10,,,,,,,,,,,,order8,,order8,,,Continue,,Continue,DECFBA,Images loaded ok,approve with $2.15 bonus,END QUESTIONNAIRE,14651
1,1571932128421,24/10/2019 15:48:48,1571932107205,-4,24/10/2019 11:48:27,10365,2,questionnaire-mie5,,3241631,A2DU76P3SED4T6,899271,,complete,qmtfob,,computer,Desktop or Laptop,Windows 7,Firefox 60.0,1920x1080,1920x966,approve with $2.15 bonus,IPANAT SAMFE,1,words,English_Native,No_Psych,Responder,a_pos,18+,,≥23,≤27,ACCEPT,,,,,,,,,,,,,,,,,,,,,,,,,,Orders 11 and 12,,,,,order12,,,Continue,,,Continue,,,,,order12,,,,,,,,,,,,,,,,,,,,,,,Continue,EFDACB,Images loaded ok,approve with $2.15 bonus,BEGIN QUESTIONNAIRE,
2,1571932136305,24/10/2019 15:48:56,1571932115111,-4,24/10/2019 11:48:35,10365,2,questionnaire-mie5,,3241631,A2DU76P3SED4T6,899271,,complete,qmtfob,,computer,Desktop or Laptop,Windows 7,Firefox 60.0,1920x1080,1903x966,approve with $2.15 bonus,IPANAT SAMFE,1,words,English_Native,No_Psych,Responder,a_pos,18+,,≥23,≤27,ACCEPT,,,,,,,,,,,,,,,,,,,,,,,,,,Orders 11 and 12,,,,,order12,,,Continue,,,Continue,,,,,order12,,,,,,,,,,,,,,,,,,,,,,,Continue,EFDACB,Images loaded ok,approve with $2.15 bonus,happy,1 - doesn't fit at all
3,1571932136445,24/10/2019 15:48:56,1571932115114,-4,24/10/2019 11:48:35,10365,2,questionnaire-mie5,,3241631,A2DU76P3SED4T6,899271,,complete,qmtfob,,computer,Desktop or Laptop,Windows 7,Firefox 60.0,1920x1080,1903x966,approve with $2.15 bonus,IPANAT SAMFE,1,words,English_Native,No_Psych,Responder,a_pos,18+,,≥23,≤27,ACCEPT,,,,,,,,,,,,,,,,,,,,,,,,,,Orders 11 and 12,,,,,order12,,,Continue,,,Continue,,,,,order12,,,,,,,,,,,,,,,,,,,,,,,Continue,EFDACB,Images loaded ok,approve with $2.15 bonus,happy-quantised,1
4,1571932136445,24/10/2019 15:48:56,1571932115114,-4,24/10/2019 11:48:35,10365,2,questionnaire-mie5,,3241631,A2DU76P3SED4T6,899271,,complete,qmtfob,,computer,Desktop or Laptop,Windows 7,Firefox 60.0,1920x1080,1903x966,approve with $2.15 bonus,IPANAT SAMFE,1,words,English_Native,No_Psych,Responder,a_pos,18+,,≥23,≤27,ACCEPT,,,,,,,,,,,,,,,,,,,,,,,,,,Orders 11 and 12,,,,,order12,,,Continue,,,Continue,,,,,order12,,,,,,,,,,,,,,,,,,,,,,,Continue,EFDACB,Images loaded ok,approve with $2.15 bonus,helpless,1 - doesn't fit at all
5,1571932136445,24/10/2019 15:48:56,1571932115114,-4,24/10/2019 11:48:35,10365,2,questionnaire-mie5,,3241631,A2DU76P3SED4T6,899271,,complete,qmtfob,,computer,Desktop or Laptop,Windows 7,Firefox 60.0,1920x1080,1903x966,approve with $2.15 bonus,IPANAT SAMFE,1,words,English_Native,No_Psych,Responder,a_pos,18+,,≥23,≤27,ACCEPT,,,,,,,,,,,,,,,,,,,,,,,,,,Orders 11 and 12,,,,,order12,,,Continue,,,Continue,,,,,order12,,,,,,,,,,,,,,,,,,,,,,,Continue,EFDACB,Images loaded ok,approve with $2.15 bonus,helpless-quantised,1
6,1571932136445,24/10/2019 15:48:56,1571932115114,-4,24/10/2019 11:48:35,10365,2,questionnaire-mie5,,3241631,A2DU76P3SED4T6,899271,,complete,qmtfob,,computer,Desktop or Laptop,Windows 7,Firefox 60.0,1920x1080,1903x966,approve with $2.15 bonus,IPANAT SAMFE,1,words,English_Native,No_Psych,Responder,a_pos,18+,,≥23,≤27,ACCEPT,,,,,,,,,,,,,,,,,,,,,,,,,,Orders 11 and 12,,,,,order12,,,Continue,,,Continue,,,,,order12,,,,,,,,,,,,,,,,,,,,,,,Continue,EFDACB,Images loaded ok,approve with $2.15 bonus,energetic,1 - doesn't fit at all
7,1571932136445,24/10/2019 15:48:56,1571932115115,-4,24/10/2019 11:48:35,10365,2,questionnaire-mie5,,3241631,A2DU76P3SED4T6,899271,,complete,qmtfob,,computer,Desktop or Laptop,Windows 7,Firefox 60.0,1920x1080,1903x966,approve with $2.15 bonus,IPANAT SAMFE,1,words,English_Native,No_Psych,Responder,a_pos,18+,,≥23,≤27,ACCEPT,,,,,,,,,,,,,,,,,,,,,,,,,,Orders 11 and 12,,,,,order12,,,Continue,,,Continue,,,,,order12,,,,,,,,,,,,,,,,,,,,,,,Continue,EFDACB,Images loaded ok,approve with $2.15 bonus,energetic-quantised,1
8,1571932136445,24/10/2019 15:48:56,1571932115115,-4,24/10/2019 11:48:35,10365,2,questionnaire-mie5,,3241631,A2DU76P3SED4T6,899271,,complete,qmtfob,,computer,Desktop or Laptop,Windows 7,Firefox 60.0,1920x1080,1903x966,approve with $2.15 bonus,IPANAT SAMFE,1,words,English_Native,No_Psych,Responder,a_pos,18+,,≥23,≤27,ACCEPT,,,,,,,,,,,,,,,,,,,,,,,,,,Orders 11 and 12,,,,,order12,,,Continue,,,Continue,,,,,order12,,,,,,,,,,,,,,,,,,,,,,,Continue,EFDACB,Images loaded ok,approve with $2.15 bonus,tense,1 - doesn't fit at all
9,1571932136445,24/10/2019 15:48:56,1571932115115,-4,24/10/2019 11:48:35,10365,2,questionnaire-mie5,,3241631,A2DU76P3SED4T6,899271,,complete,qmtfob,,computer,Desktop or Laptop,Windows 7,Firefox 60.0,1920x1080,1903x966,approve with $2.15 bonus,IPANAT SAMFE,1,words,English_Native,No_Psych,Responder,a_pos,18+,,≥23,≤27,ACCEPT,,,,,,,,,,,,,,,,,,,,,,,,,,Orders 11 and 12,,,,,order12,,,Continue,,,Continue,,,,,order12,,,,,,,,,,,,,,,,,,,,,,,Continue,EFDACB,Images loaded ok,approve with $2.15 bonus,tense-quantised,1
10,1571932136445,24/10/2019 15:48:56,1571932115115,-4,24/10/2019 11:48:35,10365,2,questionnaire-mie5,,3241631,A2DU76P3SED4T6,899271,,complete,qmtfob,,computer,Desktop or Laptop,Windows 7,Firefox 60.0,1920x1080,1903x966,approve with $2.15 bonus,IPANAT SAMFE,1,words,English_Native,No_Psych,Responder,a_pos,18+,,≥23,≤27,ACCEPT,,,,,,,,,,,,,,,,,,,,,,,,,,Orders 11 and 12,,,,,order12,,,Continue,,,Continue,,,,,order12,,,,,,,,,,,,,,,,,,,,,,,Continue,EFDACB,Images loaded ok,approve with $2.15 bonus,cheerful,1 - doesn't fit at all
11,1571932136445,24/10/2019 15:48:56,1571932115116,-4,24/10/2019 11:48:35,10365,2,questionnaire-mie5,,3241631,A2DU76P3SED4T6,899271,,complete,qmtfob,,computer,Desktop or Laptop,Windows 7,Firefox 60.0,1920x1080,1903x966,approve with $2.15 bonus,IPANAT SAMFE,1,words,English_Native,No_Psych,Responder,a_pos,18+,,≥23,≤27,ACCEPT,,,,,,,,,,,,,,,,,,,,,,,,,,Orders 11 and 12,,,,,order12,,,Continue,,,Continue,,,,,order12,,,,,,,,,,,,,,,,,,,,,,,Continue,EFDACB,Images loaded ok,approve with $2.15 bonus,cheerful-quantised,1
12,1571932136445,24/10/2019 15:48:56,1571932115116,-4,24/10/2019 11:48:35,10365,2,questionnaire-mie5,,3241631,A2DU76P3SED4T6,899271,,complete,qmtfob,,computer,Desktop or Laptop,Windows 7,Firefox 60.0,1920x1080,1903x966,approve with $2.15 bonus,IPANAT SAMFE,1,words,English_Native,No_Psych,Responder,a_pos,18+,,≥23,≤27,ACCEPT,,,,,,,,,,,,,,,,,,,,,,,,,,Orders 11 and 12,,,,,order12,,,Continue,,,Continue,,,,,order12,,,,,,,,,,,,,,,,,,,,,,,Continue,EFDACB,Images loaded ok,approve with $2.15 bonus,inhibited,1 - doesn't fit at all
13,1571932136445,24/10/2019 15:48:56,1571932115117,-4,24/10/2019 11:48:35,10365,2,questionnaire-mie5,,3241631,A2DU76P3SED4T6,899271,,complete,qmtfob,,computer,Desktop or Laptop,Windows 7,Firefox 60.0,1920x1080,1903x966,approve with $2.15 bonus,IPANAT SAMFE,1,words,English_Native,No_Psych,Responder,a_pos,18+,,≥23,≤27,ACCEPT,,,,,,,,,,,,,,,,,,,,,,,,,,Orders 11 and 12,,,,,order12,,,Continue,,,Continue,,,,,order12,,,,,,,,,,,,,,,,,,,,,,,Continue,EFDACB,Images loaded ok,approve with $2.15 bonus,inhibited-quantised,1
14,1571932136445,24/10/2019 15:48:56,1571932115117,-4,24/10/2019 11:48:35,10365,2,questionnaire-mie5,,3241631,A2DU76P3SED4T6,899271,,complete,qmtfob,,computer,Desktop or Laptop,Windows 7,Firefox 60.0,1920x1080,1903x966,approve with $2.15 bonus,IPANAT SAMFE,1,words,English_Native,No_Psych,Responder,a_pos,18+,,≥23,≤27,ACCEPT,,,,,,,,,,,,,,,,,,,,,,,,,,Orders 11 and 12,,,,,order12,,,Continue,,,Continue,,,,,order12,,,,,,,,,,,,,,,,,,,,,,,Continue,EFDACB,Images loaded ok,approve with $2.15 bonus,END QUESTIONNAIRE,7912
1,1571932249265,24/10/2019 15:50:49,1571932248925,-6,24/10/2019 09:50:48,10365,2,questionnaire-mie5,,3241655,A12FTSX85NQ8N9,899275,,complete,nqcrcb,,computer,Desktop or Laptop,Windows 7,Chrome 73.0.3683.86,1920x1080,937x924,approve with $2.15 bonus,IPANAT SAMFE,1,words,English_Native,No_Psych,Responder,a_pos,18+,,≥23,≤27,ACCEPT,,,,,,,,,,,,,,,,,,,,,,,,,,Orders 5 and 6,,order5,,,,,,,,,Continue,,,,order5,,,Continue,,,,,,,,,,,,,,,,,,,,,Continue,FAEBDC,Images loaded ok,approve with $2.15 bonus,BEGIN QUESTIONNAIRE,
2,1571932266296,24/10/2019 15:51:06,1571932266062,-6,24/10/2019 09:51:06,10365,2,questionnaire-mie5,,3241655,A12FTSX85NQ8N9,899275,,complete,nqcrcb,,computer,Desktop or Laptop,Windows 7,Chrome 73.0.3683.86,1920x1080,916x924,approve with $2.15 bonus,IPANAT SAMFE,1,words,English_Native,No_Psych,Responder,a_pos,18+,,≥23,≤27,ACCEPT,,,,,,,,,,,,,,,,,,,,,,,,,,Orders 5 and 6,,order5,,,,,,,,,Continue,,,,order5,,,Continue,,,,,,,,,,,,,,,,,,,,,Continue,FAEBDC,Images loaded ok,approve with $2.15 bonus,happy,4 - fits very well
3,1571932266765,24/10/2019 15:51:06,1571932266065,-6,24/10/2019 09:51:06,10365,2,questionnaire-mie5,,3241655,A12FTSX85NQ8N9,899275,,complete,nqcrcb,,computer,Desktop or Laptop,Windows 7,Chrome 73.0.3683.86,1920x1080,916x924,approve with $2.15 bonus,IPANAT SAMFE,1,words,English_Native,No_Psych,Responder,a_pos,18+,,≥23,≤27,ACCEPT,,,,,,,,,,,,,,,,,,,,,,,,,,Orders 5 and 6,,order5,,,,,,,,,Continue,,,,order5,,,Continue,,,,,,,,,,,,,,,,,,,,,Continue,FAEBDC,Images loaded ok,approve with $2.15 bonus,happy-quantised,4
4,1571932266765,24/10/2019 15:51:06,1571932266065,-6,24/10/2019 09:51:06,10365,2,questionnaire-mie5,,3241655,A12FTSX85NQ8N9,899275,,complete,nqcrcb,,computer,Desktop or Laptop,Windows 7,Chrome 73.0.3683.86,1920x1080,916x924,approve with $2.15 bonus,IPANAT SAMFE,1,words,English_Native,No_Psych,Responder,a_pos,18+,,≥23,≤27,ACCEPT,,,,,,,,,,,,,,,,,,,,,,,,,,Orders 5 and 6,,order5,,,,,,,,,Continue,,,,order5,,,Continue,,,,,,,,,,,,,,,,,,,,,Continue,FAEBDC,Images loaded ok,approve with $2.15 bonus,helpless,1 - doesn't fit at all
5,1571932266765,24/10/2019 15:51:06,1571932266066,-6,24/10/2019 09:51:06,10365,2,questionnaire-mie5,,3241655,A12FTSX85NQ8N9,899275,,complete,nqcrcb,,computer,Desktop or Laptop,Windows 7,Chrome 73.0.3683.86,1920x1080,916x924,approve with $2.15 bonus,IPANAT SAMFE,1,words,English_Native,No_Psych,Responder,a_pos,18+,,≥23,≤27,ACCEPT,,,,,,,,,,,,,,,,,,,,,,,,,,Orders 5 and 6,,order5,,,,,,,,,Continue,,,,order5,,,Continue,,,,,,,,,,,,,,,,,,,,,Continue,FAEBDC,Images loaded ok,approve with $2.15 bonus,helpless-quantised,1
6,1571932266765,24/10/2019 15:51:06,1571932266066,-6,24/10/2019 09:51:06,10365,2,questionnaire-mie5,,3241655,A12FTSX85NQ8N9,899275,,complete,nqcrcb,,computer,Desktop or Laptop,Windows 7,Chrome 73.0.3683.86,1920x1080,916x924,approve with $2.15 bonus,IPANAT SAMFE,1,words,English_Native,No_Psych,Responder,a_pos,18+,,≥23,≤27,ACCEPT,,,,,,,,,,,,,,,,,,,,,,,,,,Orders 5 and 6,,order5,,,,,,,,,Continue,,,,order5,,,Continue,,,,,,,,,,,,,,,,,,,,,Continue,FAEBDC,Images loaded ok,approve with $2.15 bonus,energetic,2 - fits somewhat
7,1571932266765,24/10/2019 15:51:06,1571932266066,-6,24/10/2019 09:51:06,10365,2,questionnaire-mie5,,3241655,A12FTSX85NQ8N9,899275,,complete,nqcrcb,,computer,Desktop or Laptop,Windows 7,Chrome 73.0.3683.86,1920x1080,916x924,approve with $2.15 bonus,IPANAT SAMFE,1,words,English_Native,No_Psych,Responder,a_pos,18+,,≥23,≤27,ACCEPT,,,,,,,,,,,,,,,,,,,,,,,,,,Orders 5 and 6,,order5,,,,,,,,,Continue,,,,order5,,,Continue,,,,,,,,,,,,,,,,,,,,,Continue,FAEBDC,Images loaded ok,approve with $2.15 bonus,energetic-quantised,2
8,1571932266765,24/10/2019 15:51:06,1571932266066,-6,24/10/2019 09:51:06,10365,2,questionnaire-mie5,,3241655,A12FTSX85NQ8N9,899275,,complete,nqcrcb,,computer,Desktop or Laptop,Windows 7,Chrome 73.0.3683.86,1920x1080,916x924,approve with $2.15 bonus,IPANAT SAMFE,1,words,English_Native,No_Psych,Responder,a_pos,18+,,≥23,≤27,ACCEPT,,,,,,,,,,,,,,,,,,,,,,,,,,Orders 5 and 6,,order5,,,,,,,,,Continue,,,,order5,,,Continue,,,,,,,,,,,,,,,,,,,,,Continue,FAEBDC,Images loaded ok,approve with $2.15 bonus,tense,1 - doesn't fit at all
9,1571932266765,24/10/2019 15:51:06,1571932266066,-6,24/10/2019 09:51:06,10365,2,questionnaire-mie5,,3241655,A12FTSX85NQ8N9,899275,,complete,nqcrcb,,computer,Desktop or Laptop,Windows 7,Chrome 73.0.3683.86,1920x1080,916x924,approve with $2.15 bonus,IPANAT SAMFE,1,words,English_Native,No_Psych,Responder,a_pos,18+,,≥23,≤27,ACCEPT,,,,,,,,,,,,,,,,,,,,,,,,,,Orders 5 and 6,,order5,,,,,,,,,Continue,,,,order5,,,Continue,,,,,,,,,,,,,,,,,,,,,Continue,FAEBDC,Images loaded ok,approve with $2.15 bonus,tense-quantised,1
10,1571932266765,24/10/2019 15:51:06,1571932266066,-6,24/10/2019 09:51:06,10365,2,questionnaire-mie5,,3241655,A12FTSX85NQ8N9,899275,,complete,nqcrcb,,computer,Desktop or Laptop,Windows 7,Chrome 73.0.3683.86,1920x1080,916x924,approve with $2.15 bonus,IPANAT SAMFE,1,words,English_Native,No_Psych,Responder,a_pos,18+,,≥23,≤27,ACCEPT,,,,,,,,,,,,,,,,,,,,,,,,,,Orders 5 and 6,,order5,,,,,,,,,Continue,,,,order5,,,Continue,,,,,,,,,,,,,,,,,,,,,Continue,FAEBDC,Images loaded ok,approve with $2.15 bonus,cheerful,4 - fits very well
11,1571932266765,24/10/2019 15:51:06,1571932266067,-6,24/10/2019 09:51:06,10365,2,questionnaire-mie5,,3241655,A12FTSX85NQ8N9,899275,,complete,nqcrcb,,computer,Desktop or Laptop,Windows 7,Chrome 73.0.3683.86,1920x1080,916x924,approve with $2.15 bonus,IPANAT SAMFE,1,words,English_Native,No_Psych,Responder,a_pos,18+,,≥23,≤27,ACCEPT,,,,,,,,,,,,,,,,,,,,,,,,,,Orders 5 and 6,,order5,,,,,,,,,Continue,,,,order5,,,Continue,,,,,,,,,,,,,,,,,,,,,Continue,FAEBDC,Images loaded ok,approve with $2.15 bonus,cheerful-quantised,4
12,1571932266765,24/10/2019 15:51:06,1571932266067,-6,24/10/2019 09:51:06,10365,2,questionnaire-mie5,,3241655,A12FTSX85NQ8N9,899275,,complete,nqcrcb,,computer,Desktop or Laptop,Windows 7,Chrome 73.0.3683.86,1920x1080,916x924,approve with $2.15 bonus,IPANAT SAMFE,1,words,English_Native,No_Psych,Responder,a_pos,18+,,≥23,≤27,ACCEPT,,,,,,,,,,,,,,,,,,,,,,,,,,Orders 5 and 6,,order5,,,,,,,,,Continue,,,,order5,,,Continue,,,,,,,,,,,,,,,,,,,,,Continue,FAEBDC,Images loaded ok,approve with $2.15 bonus,inhibited,1 - doesn't fit at all
13,1571932266765,24/10/2019 15:51:06,1571932266067,-6,24/10/2019 09:51:06,10365,2,questionnaire-mie5,,3241655,A12FTSX85NQ8N9,899275,,complete,nqcrcb,,computer,Desktop or Laptop,Windows 7,Chrome 73.0.3683.86,1920x1080,916x924,approve with $2.15 bonus,IPANAT SAMFE,1,words,English_Native,No_Psych,Responder,a_pos,18+,,≥23,≤27,ACCEPT,,,,,,,,,,,,,,,,,,,,,,,,,,Orders 5 and 6,,order5,,,,,,,,,Continue,,,,order5,,,Continue,,,,,,,,,,,,,,,,,,,,,Continue,FAEBDC,Images loaded ok,approve with $2.15 bonus,inhibited-quantised,1
14,1571932266765,24/10/2019 15:51:06,1571932266067,-6,24/10/2019 09:51:06,10365,2,questionnaire-mie5,,3241655,A12FTSX85NQ8N9,899275,,complete,nqcrcb,,computer,Desktop or Laptop,Windows 7,Chrome 73.0.3683.86,1920x1080,916x924,approve with $2.15 bonus,IPANAT SAMFE,1,words,English_Native,No_Psych,Responder,a_pos,18+,,≥23,≤27,ACCEPT,,,,,,,,,,,,,,,,,,,,,,,,,,Orders 5 and 6,,order5,,,,,,,,,Continue,,,,order5,,,Continue,,,,,,,,,,,,,,,,,,,,,Continue,FAEBDC,Images loaded ok,approve with $2.15 bonus,END QUESTIONNAIRE,17142
1,1571932330400,24/10/2019 15:52:10,1571932349846,-4,24/10/2019 11:52:29,10365,2,questionnaire-mie5,,3241681,ARI1EMAHUA9PO,899187,,complete,axdmex,,computer,Desktop or Laptop,Windows 8.1,Chrome 77.0.3865.120,1920x1080,1920x937,approve with $2.15 bonus,IPANAT SAMFE,1,words,English_Native,No_Psych,Responder,a_pos,18+,,≥23,≥28,,≥33,,,ACCEPT,,,,,,,,≥38,≤42,,,,,,,,,,order1,,,Orders 1 and 3,,,,,,,Continue,,,order1,Continue,,,,,,,,,,,,,,,,,,,,,,,,,,,,Continue,BCADFE,Images loaded ok,approve with $2.15 bonus,BEGIN QUESTIONNAIRE,
2,1571932344488,24/10/2019 15:52:24,1571932364016,-4,24/10/2019 11:52:44,10365,2,questionnaire-mie5,,3241681,ARI1EMAHUA9PO,899187,,complete,axdmex,,computer,Desktop or Laptop,Windows 8.1,Chrome 77.0.3865.120,1920x1080,1903x937,approve with $2.15 bonus,IPANAT SAMFE,1,words,English_Native,No_Psych,Responder,a_pos,18+,,≥23,≥28,,≥33,,,ACCEPT,,,,,,,,≥38,≤42,,,,,,,,,,order1,,,Orders 1 and 3,,,,,,,Continue,,,order1,Continue,,,,,,,,,,,,,,,,,,,,,,,,,,,,Continue,BCADFE,Images loaded ok,approve with $2.15 bonus,happy,2 - fits somewhat
3,1571932344645,24/10/2019 15:52:24,1571932364019,-4,24/10/2019 11:52:44,10365,2,questionnaire-mie5,,3241681,ARI1EMAHUA9PO,899187,,complete,axdmex,,computer,Desktop or Laptop,Windows 8.1,Chrome 77.0.3865.120,1920x1080,1903x937,approve with $2.15 bonus,IPANAT SAMFE,1,words,English_Native,No_Psych,Responder,a_pos,18+,,≥23,≥28,,≥33,,,ACCEPT,,,,,,,,≥38,≤42,,,,,,,,,,order1,,,Orders 1 and 3,,,,,,,Continue,,,order1,Continue,,,,,,,,,,,,,,,,,,,,,,,,,,,,Continue,BCADFE,Images loaded ok,approve with $2.15 bonus,happy-quantised,2
4,1571932344645,24/10/2019 15:52:24,1571932364019,-4,24/10/2019 11:52:44,10365,2,questionnaire-mie5,,3241681,ARI1EMAHUA9PO,899187,,complete,axdmex,,computer,Desktop or Laptop,Windows 8.1,Chrome 77.0.3865.120,1920x1080,1903x937,approve with $2.15 bonus,IPANAT SAMFE,1,words,English_Native,No_Psych,Responder,a_pos,18+,,≥23,≥28,,≥33,,,ACCEPT,,,,,,,,≥38,≤42,,,,,,,,,,order1,,,Orders 1 and 3,,,,,,,Continue,,,order1,Continue,,,,,,,,,,,,,,,,,,,,,,,,,,,,Continue,BCADFE,Images loaded ok,approve with $2.15 bonus,helpless,1 - doesn't fit at all
5,1571932344645,24/10/2019 15:52:24,1571932364019,-4,24/10/2019 11:52:44,10365,2,questionnaire-mie5,,3241681,ARI1EMAHUA9PO,899187,,complete,axdmex,,computer,Desktop or Laptop,Windows 8.1,Chrome 77.0.3865.120,1920x1080,1903x937,approve with $2.15 bonus,IPANAT SAMFE,1,words,English_Native,No_Psych,Responder,a_pos,18+,,≥23,≥28,,≥33,,,ACCEPT,,,,,,,,≥38,≤42,,,,,,,,,,order1,,,Orders 1 and 3,,,,,,,Continue,,,order1,Continue,,,,,,,,,,,,,,,,,,,,,,,,,,,,Continue,BCADFE,Images loaded ok,approve with $2.15 bonus,helpless-quantised,1
6,1571932344645,24/10/2019 15:52:24,1571932364020,-4,24/10/2019 11:52:44,10365,2,questionnaire-mie5,,3241681,ARI1EMAHUA9PO,899187,,complete,axdmex,,computer,Desktop or Laptop,Windows 8.1,Chrome 77.0.3865.120,1920x1080,1903x937,approve with $2.15 bonus,IPANAT SAMFE,1,words,English_Native,No_Psych,Responder,a_pos,18+,,≥23,≥28,,≥33,,,ACCEPT,,,,,,,,≥38,≤42,,,,,,,,,,order1,,,Orders 1 and 3,,,,,,,Continue,,,order1,Continue,,,,,,,,,,,,,,,,,,,,,,,,,,,,Continue,BCADFE,Images loaded ok,approve with $2.15 bonus,energetic,3 - fits quite well
7,1571932344645,24/10/2019 15:52:24,1571932364020,-4,24/10/2019 11:52:44,10365,2,questionnaire-mie5,,3241681,ARI1EMAHUA9PO,899187,,complete,axdmex,,computer,Desktop or Laptop,Windows 8.1,Chrome 77.0.3865.120,1920x1080,1903x937,approve with $2.15 bonus,IPANAT SAMFE,1,words,English_Native,No_Psych,Responder,a_pos,18+,,≥23,≥28,,≥33,,,ACCEPT,,,,,,,,≥38,≤42,,,,,,,,,,order1,,,Orders 1 and 3,,,,,,,Continue,,,order1,Continue,,,,,,,,,,,,,,,,,,,,,,,,,,,,Continue,BCADFE,Images loaded ok,approve with $2.15 bonus,energetic-quantised,3
8,1571932344645,24/10/2019 15:52:24,1571932364020,-4,24/10/2019 11:52:44,10365,2,questionnaire-mie5,,3241681,ARI1EMAHUA9PO,899187,,complete,axdmex,,computer,Desktop or Laptop,Windows 8.1,Chrome 77.0.3865.120,1920x1080,1903x937,approve with $2.15 bonus,IPANAT SAMFE,1,words,English_Native,No_Psych,Responder,a_pos,18+,,≥23,≥28,,≥33,,,ACCEPT,,,,,,,,≥38,≤42,,,,,,,,,,order1,,,Orders 1 and 3,,,,,,,Continue,,,order1,Continue,,,,,,,,,,,,,,,,,,,,,,,,,,,,Continue,BCADFE,Images loaded ok,approve with $2.15 bonus,tense,1 - doesn't fit at all
9,1571932344645,24/10/2019 15:52:24,1571932364021,-4,24/10/2019 11:52:44,10365,2,questionnaire-mie5,,3241681,ARI1EMAHUA9PO,899187,,complete,axdmex,,computer,Desktop or Laptop,Windows 8.1,Chrome 77.0.3865.120,1920x1080,1903x937,approve with $2.15 bonus,IPANAT SAMFE,1,words,English_Native,No_Psych,Responder,a_pos,18+,,≥23,≥28,,≥33,,,ACCEPT,,,,,,,,≥38,≤42,,,,,,,,,,order1,,,Orders 1 and 3,,,,,,,Continue,,,order1,Continue,,,,,,,,,,,,,,,,,,,,,,,,,,,,Continue,BCADFE,Images loaded ok,approve with $2.15 bonus,tense-quantised,1
10,1571932344645,24/10/2019 15:52:24,1571932364021,-4,24/10/2019 11:52:44,10365,2,questionnaire-mie5,,3241681,ARI1EMAHUA9PO,899187,,complete,axdmex,,computer,Desktop or Laptop,Windows 8.1,Chrome 77.0.3865.120,1920x1080,1903x937,approve with $2.15 bonus,IPANAT SAMFE,1,words,English_Native,No_Psych,Responder,a_pos,18+,,≥23,≥28,,≥33,,,ACCEPT,,,,,,,,≥38,≤42,,,,,,,,,,order1,,,Orders 1 and 3,,,,,,,Continue,,,order1,Continue,,,,,,,,,,,,,,,,,,,,,,,,,,,,Continue,BCADFE,Images loaded ok,approve with $2.15 bonus,cheerful,2 - fits somewhat
11,1571932344645,24/10/2019 15:52:24,1571932364021,-4,24/10/2019 11:52:44,10365,2,questionnaire-mie5,,3241681,ARI1EMAHUA9PO,899187,,complete,axdmex,,computer,Desktop or Laptop,Windows 8.1,Chrome 77.0.3865.120,1920x1080,1903x937,approve with $2.15 bonus,IPANAT SAMFE,1,words,English_Native,No_Psych,Responder,a_pos,18+,,≥23,≥28,,≥33,,,ACCEPT,,,,,,,,≥38,≤42,,,,,,,,,,order1,,,Orders 1 and 3,,,,,,,Continue,,,order1,Continue,,,,,,,,,,,,,,,,,,,,,,,,,,,,Continue,BCADFE,Images loaded ok,approve with $2.15 bonus,cheerful-quantised,2
12,1571932344645,24/10/2019 15:52:24,1571932364021,-4,24/10/2019 11:52:44,10365,2,questionnaire-mie5,,3241681,ARI1EMAHUA9PO,899187,,complete,axdmex,,computer,Desktop or Laptop,Windows 8.1,Chrome 77.0.3865.120,1920x1080,1903x937,approve with $2.15 bonus,IPANAT SAMFE,1,words,English_Native,No_Psych,Responder,a_pos,18+,,≥23,≥28,,≥33,,,ACCEPT,,,,,,,,≥38,≤42,,,,,,,,,,order1,,,Orders 1 and 3,,,,,,,Continue,,,order1,Continue,,,,,,,,,,,,,,,,,,,,,,,,,,,,Continue,BCADFE,Images loaded ok,approve with $2.15 bonus,inhibited,1 - doesn't fit at all
13,1571932344645,24/10/2019 15:52:24,1571932364021,-4,24/10/2019 11:52:44,10365,2,questionnaire-mie5,,3241681,ARI1EMAHUA9PO,899187,,complete,axdmex,,computer,Desktop or Laptop,Windows 8.1,Chrome 77.0.3865.120,1920x1080,1903x937,approve with $2.15 bonus,IPANAT SAMFE,1,words,English_Native,No_Psych,Responder,a_pos,18+,,≥23,≥28,,≥33,,,ACCEPT,,,,,,,,≥38,≤42,,,,,,,,,,order1,,,Orders 1 and 3,,,,,,,Continue,,,order1,Continue,,,,,,,,,,,,,,,,,,,,,,,,,,,,Continue,BCADFE,Images loaded ok,approve with $2.15 bonus,inhibited-quantised,1
14,1571932344645,24/10/2019 15:52:24,1571932364022,-4,24/10/2019 11:52:44,10365,2,questionnaire-mie5,,3241681,ARI1EMAHUA9PO,899187,,complete,axdmex,,computer,Desktop or Laptop,Windows 8.1,Chrome 77.0.3865.120,1920x1080,1903x937,approve with $2.15 bonus,IPANAT SAMFE,1,words,English_Native,No_Psych,Responder,a_pos,18+,,≥23,≥28,,≥33,,,ACCEPT,,,,,,,,≥38,≤42,,,,,,,,,,order1,,,Orders 1 and 3,,,,,,,Continue,,,order1,Continue,,,,,,,,,,,,,,,,,,,,,,,,,,,,Continue,BCADFE,Images loaded ok,approve with $2.15 bonus,END QUESTIONNAIRE,14177
1,1571932415661,24/10/2019 15:53:35,1571932416289,-4,24/10/2019 11:53:36,10365,2,questionnaire-mie5,,3241719,AMA18W8F60Y2J,899205,,complete,boqrml,,computer,Desktop or Laptop,Windows 10,Chrome 77.0.3865.120,1280x720,1280x615,approve with $2.15 bonus,IPANAT SAMFE,1,words,English_Native,No_Psych,Responder,a_pos,18+,,≥23,≥28,,≥33,,,,,ACCEPT,,,,,,≥38,≥43,≥48,≤52,,,,,,,,,,,Orders 2 and 4,order2,,,,,,,,,,Continue,,Continue,order2,,,,,,,,,,,,,,,,,,,,,,,,,Continue,ABFCED,Images loaded ok,approve with $2.15 bonus,BEGIN QUESTIONNAIRE,
2,1571932440039,24/10/2019 15:54:00,1571932440739,-4,24/10/2019 11:54:00,10365,2,questionnaire-mie5,,3241719,AMA18W8F60Y2J,899205,,complete,boqrml,,computer,Desktop or Laptop,Windows 10,Chrome 77.0.3865.120,1280x720,1263x615,approve with $2.15 bonus,IPANAT SAMFE,1,words,English_Native,No_Psych,Responder,a_pos,18+,,≥23,≥28,,≥33,,,,,ACCEPT,,,,,,≥38,≥43,≥48,≤52,,,,,,,,,,,Orders 2 and 4,order2,,,,,,,,,,Continue,,Continue,order2,,,,,,,,,,,,,,,,,,,,,,,,,Continue,ABFCED,Images loaded ok,approve with $2.15 bonus,happy,1 - doesn't fit at all
3,1571932440182,24/10/2019 15:54:00,1571932440742,-4,24/10/2019 11:54:00,10365,2,questionnaire-mie5,,3241719,AMA18W8F60Y2J,899205,,complete,boqrml,,computer,Desktop or Laptop,Windows 10,Chrome 77.0.3865.120,1280x720,1263x615,approve with $2.15 bonus,IPANAT SAMFE,1,words,English_Native,No_Psych,Responder,a_pos,18+,,≥23,≥28,,≥33,,,,,ACCEPT,,,,,,≥38,≥43,≥48,≤52,,,,,,,,,,,Orders 2 and 4,order2,,,,,,,,,,Continue,,Continue,order2,,,,,,,,,,,,,,,,,,,,,,,,,Continue,ABFCED,Images loaded ok,approve with $2.15 bonus,happy-quantised,1
4,1571932440182,24/10/2019 15:54:00,1571932440742,-4,24/10/2019 11:54:00,10365,2,questionnaire-mie5,,3241719,AMA18W8F60Y2J,899205,,complete,boqrml,,computer,Desktop or Laptop,Windows 10,Chrome 77.0.3865.120,1280x720,1263x615,approve with $2.15 bonus,IPANAT SAMFE,1,words,English_Native,No_Psych,Responder,a_pos,18+,,≥23,≥28,,≥33,,,,,ACCEPT,,,,,,≥38,≥43,≥48,≤52,,,,,,,,,,,Orders 2 and 4,order2,,,,,,,,,,Continue,,Continue,order2,,,,,,,,,,,,,,,,,,,,,,,,,Continue,ABFCED,Images loaded ok,approve with $2.15 bonus,helpless,2 - fits somewhat
5,1571932440182,24/10/2019 15:54:00,1571932440742,-4,24/10/2019 11:54:00,10365,2,questionnaire-mie5,,3241719,AMA18W8F60Y2J,899205,,complete,boqrml,,computer,Desktop or Laptop,Windows 10,Chrome 77.0.3865.120,1280x720,1263x615,approve with $2.15 bonus,IPANAT SAMFE,1,words,English_Native,No_Psych,Responder,a_pos,18+,,≥23,≥28,,≥33,,,,,ACCEPT,,,,,,≥38,≥43,≥48,≤52,,,,,,,,,,,Orders 2 and 4,order2,,,,,,,,,,Continue,,Continue,order2,,,,,,,,,,,,,,,,,,,,,,,,,Continue,ABFCED,Images loaded ok,approve with $2.15 bonus,helpless-quantised,2
6,1571932440182,24/10/2019 15:54:00,1571932440743,-4,24/10/2019 11:54:00,10365,2,questionnaire-mie5,,3241719,AMA18W8F60Y2J,899205,,complete,boqrml,,computer,Desktop or Laptop,Windows 10,Chrome 77.0.3865.120,1280x720,1263x615,approve with $2.15 bonus,IPANAT SAMFE,1,words,English_Native,No_Psych,Responder,a_pos,18+,,≥23,≥28,,≥33,,,,,ACCEPT,,,,,,≥38,≥43,≥48,≤52,,,,,,,,,,,Orders 2 and 4,order2,,,,,,,,,,Continue,,Continue,order2,,,,,,,,,,,,,,,,,,,,,,,,,Continue,ABFCED,Images loaded ok,approve with $2.15 bonus,energetic,1 - doesn't fit at all
7,1571932440182,24/10/2019 15:54:00,1571932440743,-4,24/10/2019 11:54:00,10365,2,questionnaire-mie5,,3241719,AMA18W8F60Y2J,899205,,complete,boqrml,,computer,Desktop or Laptop,Windows 10,Chrome 77.0.3865.120,1280x720,1263x615,approve with $2.15 bonus,IPANAT SAMFE,1,words,English_Native,No_Psych,Responder,a_pos,18+,,≥23,≥28,,≥33,,,,,ACCEPT,,,,,,≥38,≥43,≥48,≤52,,,,,,,,,,,Orders 2 and 4,order2,,,,,,,,,,Continue,,Continue,order2,,,,,,,,,,,,,,,,,,,,,,,,,Continue,ABFCED,Images loaded ok,approve with $2.15 bonus,energetic-quantised,1
8,1571932440182,24/10/2019 15:54:00,1571932440743,-4,24/10/2019 11:54:00,10365,2,questionnaire-mie5,,3241719,AMA18W8F60Y2J,899205,,complete,boqrml,,computer,Desktop or Laptop,Windows 10,Chrome 77.0.3865.120,1280x720,1263x615,approve with $2.15 bonus,IPANAT SAMFE,1,words,English_Native,No_Psych,Responder,a_pos,18+,,≥23,≥28,,≥33,,,,,ACCEPT,,,,,,≥38,≥43,≥48,≤52,,,,,,,,,,,Orders 2 and 4,order2,,,,,,,,,,Continue,,Continue,order2,,,,,,,,,,,,,,,,,,,,,,,,,Continue,ABFCED,Images loaded ok,approve with $2.15 bonus,tense,1 - doesn't fit at all
9,1571932440182,24/10/2019 15:54:00,1571932440743,-4,24/10/2019 11:54:00,10365,2,questionnaire-mie5,,3241719,AMA18W8F60Y2J,899205,,complete,boqrml,,computer,Desktop or Laptop,Windows 10,Chrome 77.0.3865.120,1280x720,1263x615,approve with $2.15 bonus,IPANAT SAMFE,1,words,English_Native,No_Psych,Responder,a_pos,18+,,≥23,≥28,,≥33,,,,,ACCEPT,,,,,,≥38,≥43,≥48,≤52,,,,,,,,,,,Orders 2 and 4,order2,,,,,,,,,,Continue,,Continue,order2,,,,,,,,,,,,,,,,,,,,,,,,,Continue,ABFCED,Images loaded ok,approve with $2.15 bonus,tense-quantised,1
10,1571932440182,24/10/2019 15:54:00,1571932440744,-4,24/10/2019 11:54:00,10365,2,questionnaire-mie5,,3241719,AMA18W8F60Y2J,899205,,complete,boqrml,,computer,Desktop or Laptop,Windows 10,Chrome 77.0.3865.120,1280x720,1263x615,approve with $2.15 bonus,IPANAT SAMFE,1,words,English_Native,No_Psych,Responder,a_pos,18+,,≥23,≥28,,≥33,,,,,ACCEPT,,,,,,≥38,≥43,≥48,≤52,,,,,,,,,,,Orders 2 and 4,order2,,,,,,,,,,Continue,,Continue,order2,,,,,,,,,,,,,,,,,,,,,,,,,Continue,ABFCED,Images loaded ok,approve with $2.15 bonus,cheerful,1 - doesn't fit at all
11,1571932440182,24/10/2019 15:54:00,1571932440744,-4,24/10/2019 11:54:00,10365,2,questionnaire-mie5,,3241719,AMA18W8F60Y2J,899205,,complete,boqrml,,computer,Desktop or Laptop,Windows 10,Chrome 77.0.3865.120,1280x720,1263x615,approve with $2.15 bonus,IPANAT SAMFE,1,words,English_Native,No_Psych,Responder,a_pos,18+,,≥23,≥28,,≥33,,,,,ACCEPT,,,,,,≥38,≥43,≥48,≤52,,,,,,,,,,,Orders 2 and 4,order2,,,,,,,,,,Continue,,Continue,order2,,,,,,,,,,,,,,,,,,,,,,,,,Continue,ABFCED,Images loaded ok,approve with $2.15 bonus,cheerful-quantised,1
12,1571932440182,24/10/2019 15:54:00,1571932440744,-4,24/10/2019 11:54:00,10365,2,questionnaire-mie5,,3241719,AMA18W8F60Y2J,899205,,complete,boqrml,,computer,Desktop or Laptop,Windows 10,Chrome 77.0.3865.120,1280x720,1263x615,approve with $2.15 bonus,IPANAT SAMFE,1,words,English_Native,No_Psych,Responder,a_pos,18+,,≥23,≥28,,≥33,,,,,ACCEPT,,,,,,≥38,≥43,≥48,≤52,,,,,,,,,,,Orders 2 and 4,order2,,,,,,,,,,Continue,,Continue,order2,,,,,,,,,,,,,,,,,,,,,,,,,Continue,ABFCED,Images loaded ok,approve with $2.15 bonus,inhibited,2 - fits somewhat
13,1571932440182,24/10/2019 15:54:00,1571932440744,-4,24/10/2019 11:54:00,10365,2,questionnaire-mie5,,3241719,AMA18W8F60Y2J,899205,,complete,boqrml,,computer,Desktop or Laptop,Windows 10,Chrome 77.0.3865.120,1280x720,1263x615,approve with $2.15 bonus,IPANAT SAMFE,1,words,English_Native,No_Psych,Responder,a_pos,18+,,≥23,≥28,,≥33,,,,,ACCEPT,,,,,,≥38,≥43,≥48,≤52,,,,,,,,,,,Orders 2 and 4,order2,,,,,,,,,,Continue,,Continue,order2,,,,,,,,,,,,,,,,,,,,,,,,,Continue,ABFCED,Images loaded ok,approve with $2.15 bonus,inhibited-quantised,2
14,1571932440182,24/10/2019 15:54:00,1571932440745,-4,24/10/2019 11:54:00,10365,2,questionnaire-mie5,,3241719,AMA18W8F60Y2J,899205,,complete,boqrml,,computer,Desktop or Laptop,Windows 10,Chrome 77.0.3865.120,1280x720,1263x615,approve with $2.15 bonus,IPANAT SAMFE,1,words,English_Native,No_Psych,Responder,a_pos,18+,,≥23,≥28,,≥33,,,,,ACCEPT,,,,,,≥38,≥43,≥48,≤52,,,,,,,,,,,Orders 2 and 4,order2,,,,,,,,,,Continue,,Continue,order2,,,,,,,,,,,,,,,,,,,,,,,,,Continue,ABFCED,Images loaded ok,approve with $2.15 bonus,END QUESTIONNAIRE,24457
1,1571933315299,24/10/2019 16:08:35,1571933313964,-5,24/10/2019 11:08:33,10365,2,questionnaire-mie5,,3242110,ymnmpppi,899338,,complete,wtptob,,computer,Desktop or Laptop,Chromium OS 12371.75.0,Chrome 77.0.3865.105,1536x864,1396x692,approve with $2.15 bonus,IPANAT SAMFE,1,words,English_Native,No_Psych,Responder,a_pos,18+,,≥23,≥28,,≥33,,,,,,,ACCEPT,,,,≥38,≥43,≥48,≥53,≥58,≤62,,,,,,,,,Orders 7 and 9,,,order9,,,,,,,,Continue,order7,,,,,,,Continue,,,,,,,,,,,,,,,,,,,,Continue,CDBEAF,Images loaded ok,approve with $2.15 bonus,BEGIN QUESTIONNAIRE,
2,1571933327788,24/10/2019 16:08:47,1571933326027,-5,24/10/2019 11:08:46,10365,2,questionnaire-mie5,,3242110,ymnmpppi,899338,,complete,wtptob,,computer,Desktop or Laptop,Chromium OS 12371.75.0,Chrome 77.0.3865.105,1536x864,1396x692,approve with $2.15 bonus,IPANAT SAMFE,1,words,English_Native,No_Psych,Responder,a_pos,18+,,≥23,≥28,,≥33,,,,,,,ACCEPT,,,,≥38,≥43,≥48,≥53,≥58,≤62,,,,,,,,,Orders 7 and 9,,,order9,,,,,,,,Continue,order7,,,,,,,Continue,,,,,,,,,,,,,,,,,,,,Continue,CDBEAF,Images loaded ok,approve with $2.15 bonus,happy,1 - doesn't fit at all
3,1571933327975,24/10/2019 16:08:47,1571933326030,-5,24/10/2019 11:08:46,10365,2,questionnaire-mie5,,3242110,ymnmpppi,899338,,complete,wtptob,,computer,Desktop or Laptop,Chromium OS 12371.75.0,Chrome 77.0.3865.105,1536x864,1396x692,approve with $2.15 bonus,IPANAT SAMFE,1,words,English_Native,No_Psych,Responder,a_pos,18+,,≥23,≥28,,≥33,,,,,,,ACCEPT,,,,≥38,≥43,≥48,≥53,≥58,≤62,,,,,,,,,Orders 7 and 9,,,order9,,,,,,,,Continue,order7,,,,,,,Continue,,,,,,,,,,,,,,,,,,,,Continue,CDBEAF,Images loaded ok,approve with $2.15 bonus,happy-quantised,1
4,1571933327975,24/10/2019 16:08:47,1571933326030,-5,24/10/2019 11:08:46,10365,2,questionnaire-mie5,,3242110,ymnmpppi,899338,,complete,wtptob,,computer,Desktop or Laptop,Chromium OS 12371.75.0,Chrome 77.0.3865.105,1536x864,1396x692,approve with $2.15 bonus,IPANAT SAMFE,1,words,English_Native,No_Psych,Responder,a_pos,18+,,≥23,≥28,,≥33,,,,,,,ACCEPT,,,,≥38,≥43,≥48,≥53,≥58,≤62,,,,,,,,,Orders 7 and 9,,,order9,,,,,,,,Continue,order7,,,,,,,Continue,,,,,,,,,,,,,,,,,,,,Continue,CDBEAF,Images loaded ok,approve with $2.15 bonus,helpless,3 - fits quite well
5,1571933327975,24/10/2019 16:08:47,1571933326031,-5,24/10/2019 11:08:46,10365,2,questionnaire-mie5,,3242110,ymnmpppi,899338,,complete,wtptob,,computer,Desktop or Laptop,Chromium OS 12371.75.0,Chrome 77.0.3865.105,1536x864,1396x692,approve with $2.15 bonus,IPANAT SAMFE,1,words,English_Native,No_Psych,Responder,a_pos,18+,,≥23,≥28,,≥33,,,,,,,ACCEPT,,,,≥38,≥43,≥48,≥53,≥58,≤62,,,,,,,,,Orders 7 and 9,,,order9,,,,,,,,Continue,order7,,,,,,,Continue,,,,,,,,,,,,,,,,,,,,Continue,CDBEAF,Images loaded ok,approve with $2.15 bonus,helpless-quantised,3
6,1571933327975,24/10/2019 16:08:47,1571933326031,-5,24/10/2019 11:08:46,10365,2,questionnaire-mie5,,3242110,ymnmpppi,899338,,complete,wtptob,,computer,Desktop or Laptop,Chromium OS 12371.75.0,Chrome 77.0.3865.105,1536x864,1396x692,approve with $2.15 bonus,IPANAT SAMFE,1,words,English_Native,No_Psych,Responder,a_pos,18+,,≥23,≥28,,≥33,,,,,,,ACCEPT,,,,≥38,≥43,≥48,≥53,≥58,≤62,,,,,,,,,Orders 7 and 9,,,order9,,,,,,,,Continue,order7,,,,,,,Continue,,,,,,,,,,,,,,,,,,,,Continue,CDBEAF,Images loaded ok,approve with $2.15 bonus,energetic,1 - doesn't fit at all
7,1571933327975,24/10/2019 16:08:47,1571933326031,-5,24/10/2019 11:08:46,10365,2,questionnaire-mie5,,3242110,ymnmpppi,899338,,complete,wtptob,,computer,Desktop or Laptop,Chromium OS 12371.75.0,Chrome 77.0.3865.105,1536x864,1396x692,approve with $2.15 bonus,IPANAT SAMFE,1,words,English_Native,No_Psych,Responder,a_pos,18+,,≥23,≥28,,≥33,,,,,,,ACCEPT,,,,≥38,≥43,≥48,≥53,≥58,≤62,,,,,,,,,Orders 7 and 9,,,order9,,,,,,,,Continue,order7,,,,,,,Continue,,,,,,,,,,,,,,,,,,,,Continue,CDBEAF,Images loaded ok,approve with $2.15 bonus,energetic-quantised,1
8,1571933327975,24/10/2019 16:08:47,1571933326031,-5,24/10/2019 11:08:46,10365,2,questionnaire-mie5,,3242110,ymnmpppi,899338,,complete,wtptob,,computer,Desktop or Laptop,Chromium OS 12371.75.0,Chrome 77.0.3865.105,1536x864,1396x692,approve with $2.15 bonus,IPANAT SAMFE,1,words,English_Native,No_Psych,Responder,a_pos,18+,,≥23,≥28,,≥33,,,,,,,ACCEPT,,,,≥38,≥43,≥48,≥53,≥58,≤62,,,,,,,,,Orders 7 and 9,,,order9,,,,,,,,Continue,order7,,,,,,,Continue,,,,,,,,,,,,,,,,,,,,Continue,CDBEAF,Images loaded ok,approve with $2.15 bonus,tense,2 - fits somewhat
9,1571933327975,24/10/2019 16:08:47,1571933326032,-5,24/10/2019 11:08:46,10365,2,questionnaire-mie5,,3242110,ymnmpppi,899338,,complete,wtptob,,computer,Desktop or Laptop,Chromium OS 12371.75.0,Chrome 77.0.3865.105,1536x864,1396x692,approve with $2.15 bonus,IPANAT SAMFE,1,words,English_Native,No_Psych,Responder,a_pos,18+,,≥23,≥28,,≥33,,,,,,,ACCEPT,,,,≥38,≥43,≥48,≥53,≥58,≤62,,,,,,,,,Orders 7 and 9,,,order9,,,,,,,,Continue,order7,,,,,,,Continue,,,,,,,,,,,,,,,,,,,,Continue,CDBEAF,Images loaded ok,approve with $2.15 bonus,tense-quantised,2
10,1571933327975,24/10/2019 16:08:47,1571933326032,-5,24/10/2019 11:08:46,10365,2,questionnaire-mie5,,3242110,ymnmpppi,899338,,complete,wtptob,,computer,Desktop or Laptop,Chromium OS 12371.75.0,Chrome 77.0.3865.105,1536x864,1396x692,approve with $2.15 bonus,IPANAT SAMFE,1,words,English_Native,No_Psych,Responder,a_pos,18+,,≥23,≥28,,≥33,,,,,,,ACCEPT,,,,≥38,≥43,≥48,≥53,≥58,≤62,,,,,,,,,Orders 7 and 9,,,order9,,,,,,,,Continue,order7,,,,,,,Continue,,,,,,,,,,,,,,,,,,,,Continue,CDBEAF,Images loaded ok,approve with $2.15 bonus,cheerful,1 - doesn't fit at all
11,1571933327975,24/10/2019 16:08:47,1571933326033,-5,24/10/2019 11:08:46,10365,2,questionnaire-mie5,,3242110,ymnmpppi,899338,,complete,wtptob,,computer,Desktop or Laptop,Chromium OS 12371.75.0,Chrome 77.0.3865.105,1536x864,1396x692,approve with $2.15 bonus,IPANAT SAMFE,1,words,English_Native,No_Psych,Responder,a_pos,18+,,≥23,≥28,,≥33,,,,,,,ACCEPT,,,,≥38,≥43,≥48,≥53,≥58,≤62,,,,,,,,,Orders 7 and 9,,,order9,,,,,,,,Continue,order7,,,,,,,Continue,,,,,,,,,,,,,,,,,,,,Continue,CDBEAF,Images loaded ok,approve with $2.15 bonus,cheerful-quantised,1
12,1571933327975,24/10/2019 16:08:47,1571933326034,-5,24/10/2019 11:08:46,10365,2,questionnaire-mie5,,3242110,ymnmpppi,899338,,complete,wtptob,,computer,Desktop or Laptop,Chromium OS 12371.75.0,Chrome 77.0.3865.105,1536x864,1396x692,approve with $2.15 bonus,IPANAT SAMFE,1,words,English_Native,No_Psych,Responder,a_pos,18+,,≥23,≥28,,≥33,,,,,,,ACCEPT,,,,≥38,≥43,≥48,≥53,≥58,≤62,,,,,,,,,Orders 7 and 9,,,order9,,,,,,,,Continue,order7,,,,,,,Continue,,,,,,,,,,,,,,,,,,,,Continue,CDBEAF,Images loaded ok,approve with $2.15 bonus,inhibited,2 - fits somewhat
13,1571933327975,24/10/2019 16:08:47,1571933326035,-5,24/10/2019 11:08:46,10365,2,questionnaire-mie5,,3242110,ymnmpppi,899338,,complete,wtptob,,computer,Desktop or Laptop,Chromium OS 12371.75.0,Chrome 77.0.3865.105,1536x864,1396x692,approve with $2.15 bonus,IPANAT SAMFE,1,words,English_Native,No_Psych,Responder,a_pos,18+,,≥23,≥28,,≥33,,,,,,,ACCEPT,,,,≥38,≥43,≥48,≥53,≥58,≤62,,,,,,,,,Orders 7 and 9,,,order9,,,,,,,,Continue,order7,,,,,,,Continue,,,,,,,,,,,,,,,,,,,,Continue,CDBEAF,Images loaded ok,approve with $2.15 bonus,inhibited-quantised,2
14,1571933327975,24/10/2019 16:08:47,1571933326036,-5,24/10/2019 11:08:46,10365,2,questionnaire-mie5,,3242110,ymnmpppi,899338,,complete,wtptob,,computer,Desktop or Laptop,Chromium OS 12371.75.0,Chrome 77.0.3865.105,1536x864,1396x692,approve with $2.15 bonus,IPANAT SAMFE,1,words,English_Native,No_Psych,Responder,a_pos,18+,,≥23,≥28,,≥33,,,,,,,ACCEPT,,,,≥38,≥43,≥48,≥53,≥58,≤62,,,,,,,,,Orders 7 and 9,,,order9,,,,,,,,Continue,order7,,,,,,,Continue,,,,,,,,,,,,,,,,,,,,Continue,CDBEAF,Images loaded ok,approve with $2.15 bonus,END QUESTIONNAIRE,12072
1,1571934159366,24/10/2019 16:22:39,1571934157558,-5,24/10/2019 11:22:37,10365,2,questionnaire-mie5,,3242411,A3F51C49T9A34D,899336,,complete,tbqovn,,computer,Desktop or Laptop,Windows 7,Chrome 77.0.3865.120,1920x1200,1096x627,approve with $2.15 bonus,IPANAT SAMFE,1,words,English_Native,No_Psych,,l_pos,18+,,≥23,≥28,,≥33,,,,,,ACCEPT,,,,,≥38,≥43,≥48,≥53,≤57,,,,,,Responder,,,,,,,,,,,,,,,Continue,,,,,,,,,Orders 11 and 12,,,,,,,,,,,order11,,,,order11,,,Continue,Continue,DECFBA,Images loaded ok,approve with $2.15 bonus,BEGIN QUESTIONNAIRE,
2,1571934170430,24/10/2019 16:22:50,1571934168686,-5,24/10/2019 11:22:48,10365,2,questionnaire-mie5,,3242411,A3F51C49T9A34D,899336,,complete,tbqovn,,computer,Desktop or Laptop,Windows 7,Chrome 77.0.3865.120,1920x1200,1086x627,approve with $2.15 bonus,IPANAT SAMFE,1,words,English_Native,No_Psych,,l_pos,18+,,≥23,≥28,,≥33,,,,,,ACCEPT,,,,,≥38,≥43,≥48,≥53,≤57,,,,,,Responder,,,,,,,,,,,,,,,Continue,,,,,,,,,Orders 11 and 12,,,,,,,,,,,order11,,,,order11,,,Continue,Continue,DECFBA,Images loaded ok,approve with $2.15 bonus,happy,1 - doesn't fit at all
3,1571934170647,24/10/2019 16:22:50,1571934168688,-5,24/10/2019 11:22:48,10365,2,questionnaire-mie5,,3242411,A3F51C49T9A34D,899336,,complete,tbqovn,,computer,Desktop or Laptop,Windows 7,Chrome 77.0.3865.120,1920x1200,1086x627,approve with $2.15 bonus,IPANAT SAMFE,1,words,English_Native,No_Psych,,l_pos,18+,,≥23,≥28,,≥33,,,,,,ACCEPT,,,,,≥38,≥43,≥48,≥53,≤57,,,,,,Responder,,,,,,,,,,,,,,,Continue,,,,,,,,,Orders 11 and 12,,,,,,,,,,,order11,,,,order11,,,Continue,Continue,DECFBA,Images loaded ok,approve with $2.15 bonus,happy-quantised,1
4,1571934170647,24/10/2019 16:22:50,1571934168688,-5,24/10/2019 11:22:48,10365,2,questionnaire-mie5,,3242411,A3F51C49T9A34D,899336,,complete,tbqovn,,computer,Desktop or Laptop,Windows 7,Chrome 77.0.3865.120,1920x1200,1086x627,approve with $2.15 bonus,IPANAT SAMFE,1,words,English_Native,No_Psych,,l_pos,18+,,≥23,≥28,,≥33,,,,,,ACCEPT,,,,,≥38,≥43,≥48,≥53,≤57,,,,,,Responder,,,,,,,,,,,,,,,Continue,,,,,,,,,Orders 11 and 12,,,,,,,,,,,order11,,,,order11,,,Continue,Continue,DECFBA,Images loaded ok,approve with $2.15 bonus,helpless,2 - fits somewhat
5,1571934170647,24/10/2019 16:22:50,1571934168688,-5,24/10/2019 11:22:48,10365,2,questionnaire-mie5,,3242411,A3F51C49T9A34D,899336,,complete,tbqovn,,computer,Desktop or Laptop,Windows 7,Chrome 77.0.3865.120,1920x1200,1086x627,approve with $2.15 bonus,IPANAT SAMFE,1,words,English_Native,No_Psych,,l_pos,18+,,≥23,≥28,,≥33,,,,,,ACCEPT,,,,,≥38,≥43,≥48,≥53,≤57,,,,,,Responder,,,,,,,,,,,,,,,Continue,,,,,,,,,Orders 11 and 12,,,,,,,,,,,order11,,,,order11,,,Continue,Continue,DECFBA,Images loaded ok,approve with $2.15 bonus,helpless-quantised,2
6,1571934170647,24/10/2019 16:22:50,1571934168688,-5,24/10/2019 11:22:48,10365,2,questionnaire-mie5,,3242411,A3F51C49T9A34D,899336,,complete,tbqovn,,computer,Desktop or Laptop,Windows 7,Chrome 77.0.3865.120,1920x1200,1086x627,approve with $2.15 bonus,IPANAT SAMFE,1,words,English_Native,No_Psych,,l_pos,18+,,≥23,≥28,,≥33,,,,,,ACCEPT,,,,,≥38,≥43,≥48,≥53,≤57,,,,,,Responder,,,,,,,,,,,,,,,Continue,,,,,,,,,Orders 11 and 12,,,,,,,,,,,order11,,,,order11,,,Continue,Continue,DECFBA,Images loaded ok,approve with $2.15 bonus,energetic,1 - doesn't fit at all
7,1571934170647,24/10/2019 16:22:50,1571934168689,-5,24/10/2019 11:22:48,10365,2,questionnaire-mie5,,3242411,A3F51C49T9A34D,899336,,complete,tbqovn,,computer,Desktop or Laptop,Windows 7,Chrome 77.0.3865.120,1920x1200,1086x627,approve with $2.15 bonus,IPANAT SAMFE,1,words,English_Native,No_Psych,,l_pos,18+,,≥23,≥28,,≥33,,,,,,ACCEPT,,,,,≥38,≥43,≥48,≥53,≤57,,,,,,Responder,,,,,,,,,,,,,,,Continue,,,,,,,,,Orders 11 and 12,,,,,,,,,,,order11,,,,order11,,,Continue,Continue,DECFBA,Images loaded ok,approve with $2.15 bonus,energetic-quantised,1
8,1571934170647,24/10/2019 16:22:50,1571934168689,-5,24/10/2019 11:22:48,10365,2,questionnaire-mie5,,3242411,A3F51C49T9A34D,899336,,complete,tbqovn,,computer,Desktop or Laptop,Windows 7,Chrome 77.0.3865.120,1920x1200,1086x627,approve with $2.15 bonus,IPANAT SAMFE,1,words,English_Native,No_Psych,,l_pos,18+,,≥23,≥28,,≥33,,,,,,ACCEPT,,,,,≥38,≥43,≥48,≥53,≤57,,,,,,Responder,,,,,,,,,,,,,,,Continue,,,,,,,,,Orders 11 and 12,,,,,,,,,,,order11,,,,order11,,,Continue,Continue,DECFBA,Images loaded ok,approve with $2.15 bonus,tense,1 - doesn't fit at all
9,1571934170647,24/10/2019 16:22:50,1571934168689,-5,24/10/2019 11:22:48,10365,2,questionnaire-mie5,,3242411,A3F51C49T9A34D,899336,,complete,tbqovn,,computer,Desktop or Laptop,Windows 7,Chrome 77.0.3865.120,1920x1200,1086x627,approve with $2.15 bonus,IPANAT SAMFE,1,words,English_Native,No_Psych,,l_pos,18+,,≥23,≥28,,≥33,,,,,,ACCEPT,,,,,≥38,≥43,≥48,≥53,≤57,,,,,,Responder,,,,,,,,,,,,,,,Continue,,,,,,,,,Orders 11 and 12,,,,,,,,,,,order11,,,,order11,,,Continue,Continue,DECFBA,Images loaded ok,approve with $2.15 bonus,tense-quantised,1
10,1571934170647,24/10/2019 16:22:50,1571934168689,-5,24/10/2019 11:22:48,10365,2,questionnaire-mie5,,3242411,A3F51C49T9A34D,899336,,complete,tbqovn,,computer,Desktop or Laptop,Windows 7,Chrome 77.0.3865.120,1920x1200,1086x627,approve with $2.15 bonus,IPANAT SAMFE,1,words,English_Native,No_Psych,,l_pos,18+,,≥23,≥28,,≥33,,,,,,ACCEPT,,,,,≥38,≥43,≥48,≥53,≤57,,,,,,Responder,,,,,,,,,,,,,,,Continue,,,,,,,,,Orders 11 and 12,,,,,,,,,,,order11,,,,order11,,,Continue,Continue,DECFBA,Images loaded ok,approve with $2.15 bonus,cheerful,1 - doesn't fit at all
11,1571934170647,24/10/2019 16:22:50,1571934168689,-5,24/10/2019 11:22:48,10365,2,questionnaire-mie5,,3242411,A3F51C49T9A34D,899336,,complete,tbqovn,,computer,Desktop or Laptop,Windows 7,Chrome 77.0.3865.120,1920x1200,1086x627,approve with $2.15 bonus,IPANAT SAMFE,1,words,English_Native,No_Psych,,l_pos,18+,,≥23,≥28,,≥33,,,,,,ACCEPT,,,,,≥38,≥43,≥48,≥53,≤57,,,,,,Responder,,,,,,,,,,,,,,,Continue,,,,,,,,,Orders 11 and 12,,,,,,,,,,,order11,,,,order11,,,Continue,Continue,DECFBA,Images loaded ok,approve with $2.15 bonus,cheerful-quantised,1
12,1571934170647,24/10/2019 16:22:50,1571934168689,-5,24/10/2019 11:22:48,10365,2,questionnaire-mie5,,3242411,A3F51C49T9A34D,899336,,complete,tbqovn,,computer,Desktop or Laptop,Windows 7,Chrome 77.0.3865.120,1920x1200,1086x627,approve with $2.15 bonus,IPANAT SAMFE,1,words,English_Native,No_Psych,,l_pos,18+,,≥23,≥28,,≥33,,,,,,ACCEPT,,,,,≥38,≥43,≥48,≥53,≤57,,,,,,Responder,,,,,,,,,,,,,,,Continue,,,,,,,,,Orders 11 and 12,,,,,,,,,,,order11,,,,order11,,,Continue,Continue,DECFBA,Images loaded ok,approve with $2.15 bonus,inhibited,2 - fits somewhat
13,1571934170647,24/10/2019 16:22:50,1571934168690,-5,24/10/2019 11:22:48,10365,2,questionnaire-mie5,,3242411,A3F51C49T9A34D,899336,,complete,tbqovn,,computer,Desktop or Laptop,Windows 7,Chrome 77.0.3865.120,1920x1200,1086x627,approve with $2.15 bonus,IPANAT SAMFE,1,words,English_Native,No_Psych,,l_pos,18+,,≥23,≥28,,≥33,,,,,,ACCEPT,,,,,≥38,≥43,≥48,≥53,≤57,,,,,,Responder,,,,,,,,,,,,,,,Continue,,,,,,,,,Orders 11 and 12,,,,,,,,,,,order11,,,,order11,,,Continue,Continue,DECFBA,Images loaded ok,approve with $2.15 bonus,inhibited-quantised,2
14,1571934170647,24/10/2019 16:22:50,1571934168690,-5,24/10/2019 11:22:48,10365,2,questionnaire-mie5,,3242411,A3F51C49T9A34D,899336,,complete,tbqovn,,computer,Desktop or Laptop,Windows 7,Chrome 77.0.3865.120,1920x1200,1086x627,approve with $2.15 bonus,IPANAT SAMFE,1,words,English_Native,No_Psych,,l_pos,18+,,≥23,≥28,,≥33,,,,,,ACCEPT,,,,,≥38,≥43,≥48,≥53,≤57,,,,,,Responder,,,,,,,,,,,,,,,Continue,,,,,,,,,Orders 11 and 12,,,,,,,,,,,order11,,,,order11,,,Continue,Continue,DECFBA,Images loaded ok,approve with $2.15 bonus,END QUESTIONNAIRE,11132
1,1571934365883,24/10/2019 16:26:05,1571934366443,-4,24/10/2019 12:26:06,10365,2,questionnaire-mie5,,3242468,AOEO9ZV81R0I4,899391,,complete,olfirh,,computer,Desktop or Laptop,Windows 10,Firefox 69.0,1920x1080,1920x966,approve with $2.15 bonus,IPANAT SAMFE,1,words,English_Native,No_Psych,,l_pos,18+,,≥23,≥28,,≥33,,,,ACCEPT,,,,,,,≥38,≥43,≤47,,,,,,,,Responder,,,,,,,,,,,,,,,Continue,,,,,,,,,Orders 2 and 4,,order4,,,Continue,order2,,,,,,,,,,,,,Continue,EFDACB,Images loaded ok,approve with $2.15 bonus,BEGIN QUESTIONNAIRE,
2,1571934386708,24/10/2019 16:26:26,1571934387271,-4,24/10/2019 12:26:27,10365,2,questionnaire-mie5,,3242468,AOEO9ZV81R0I4,899391,,complete,olfirh,,computer,Desktop or Laptop,Windows 10,Firefox 69.0,1920x1080,1903x966,approve with $2.15 bonus,IPANAT SAMFE,1,words,English_Native,No_Psych,,l_pos,18+,,≥23,≥28,,≥33,,,,ACCEPT,,,,,,,≥38,≥43,≤47,,,,,,,,Responder,,,,,,,,,,,,,,,Continue,,,,,,,,,Orders 2 and 4,,order4,,,Continue,order2,,,,,,,,,,,,,Continue,EFDACB,Images loaded ok,approve with $2.15 bonus,happy,2 - fits somewhat
3,1571934386879,24/10/2019 16:26:26,1571934387278,-4,24/10/2019 12:26:27,10365,2,questionnaire-mie5,,3242468,AOEO9ZV81R0I4,899391,,complete,olfirh,,computer,Desktop or Laptop,Windows 10,Firefox 69.0,1920x1080,1903x966,approve with $2.15 bonus,IPANAT SAMFE,1,words,English_Native,No_Psych,,l_pos,18+,,≥23,≥28,,≥33,,,,ACCEPT,,,,,,,≥38,≥43,≤47,,,,,,,,Responder,,,,,,,,,,,,,,,Continue,,,,,,,,,Orders 2 and 4,,order4,,,Continue,order2,,,,,,,,,,,,,Continue,EFDACB,Images loaded ok,approve with $2.15 bonus,happy-quantised,2
4,1571934386879,24/10/2019 16:26:26,1571934387278,-4,24/10/2019 12:26:27,10365,2,questionnaire-mie5,,3242468,AOEO9ZV81R0I4,899391,,complete,olfirh,,computer,Desktop or Laptop,Windows 10,Firefox 69.0,1920x1080,1903x966,approve with $2.15 bonus,IPANAT SAMFE,1,words,English_Native,No_Psych,,l_pos,18+,,≥23,≥28,,≥33,,,,ACCEPT,,,,,,,≥38,≥43,≤47,,,,,,,,Responder,,,,,,,,,,,,,,,Continue,,,,,,,,,Orders 2 and 4,,order4,,,Continue,order2,,,,,,,,,,,,,Continue,EFDACB,Images loaded ok,approve with $2.15 bonus,helpless,1 - doesn't fit at all
5,1571934386879,24/10/2019 16:26:26,1571934387278,-4,24/10/2019 12:26:27,10365,2,questionnaire-mie5,,3242468,AOEO9ZV81R0I4,899391,,complete,olfirh,,computer,Desktop or Laptop,Windows 10,Firefox 69.0,1920x1080,1903x966,approve with $2.15 bonus,IPANAT SAMFE,1,words,English_Native,No_Psych,,l_pos,18+,,≥23,≥28,,≥33,,,,ACCEPT,,,,,,,≥38,≥43,≤47,,,,,,,,Responder,,,,,,,,,,,,,,,Continue,,,,,,,,,Orders 2 and 4,,order4,,,Continue,order2,,,,,,,,,,,,,Continue,EFDACB,Images loaded ok,approve with $2.15 bonus,helpless-quantised,1
6,1571934386879,24/10/2019 16:26:26,1571934387279,-4,24/10/2019 12:26:27,10365,2,questionnaire-mie5,,3242468,AOEO9ZV81R0I4,899391,,complete,olfirh,,computer,Desktop or Laptop,Windows 10,Firefox 69.0,1920x1080,1903x966,approve with $2.15 bonus,IPANAT SAMFE,1,words,English_Native,No_Psych,,l_pos,18+,,≥23,≥28,,≥33,,,,ACCEPT,,,,,,,≥38,≥43,≤47,,,,,,,,Responder,,,,,,,,,,,,,,,Continue,,,,,,,,,Orders 2 and 4,,order4,,,Continue,order2,,,,,,,,,,,,,Continue,EFDACB,Images loaded ok,approve with $2.15 bonus,energetic,1 - doesn't fit at all
7,1571934386879,24/10/2019 16:26:26,1571934387280,-4,24/10/2019 12:26:27,10365,2,questionnaire-mie5,,3242468,AOEO9ZV81R0I4,899391,,complete,olfirh,,computer,Desktop or Laptop,Windows 10,Firefox 69.0,1920x1080,1903x966,approve with $2.15 bonus,IPANAT SAMFE,1,words,English_Native,No_Psych,,l_pos,18+,,≥23,≥28,,≥33,,,,ACCEPT,,,,,,,≥38,≥43,≤47,,,,,,,,Responder,,,,,,,,,,,,,,,Continue,,,,,,,,,Orders 2 and 4,,order4,,,Continue,order2,,,,,,,,,,,,,Continue,EFDACB,Images loaded ok,approve with $2.15 bonus,energetic-quantised,1
8,1571934386879,24/10/2019 16:26:26,1571934387282,-4,24/10/2019 12:26:27,10365,2,questionnaire-mie5,,3242468,AOEO9ZV81R0I4,899391,,complete,olfirh,,computer,Desktop or Laptop,Windows 10,Firefox 69.0,1920x1080,1903x966,approve with $2.15 bonus,IPANAT SAMFE,1,words,English_Native,No_Psych,,l_pos,18+,,≥23,≥28,,≥33,,,,ACCEPT,,,,,,,≥38,≥43,≤47,,,,,,,,Responder,,,,,,,,,,,,,,,Continue,,,,,,,,,Orders 2 and 4,,order4,,,Continue,order2,,,,,,,,,,,,,Continue,EFDACB,Images loaded ok,approve with $2.15 bonus,tense,2 - fits somewhat
9,1571934386879,24/10/2019 16:26:26,1571934387282,-4,24/10/2019 12:26:27,10365,2,questionnaire-mie5,,3242468,AOEO9ZV81R0I4,899391,,complete,olfirh,,computer,Desktop or Laptop,Windows 10,Firefox 69.0,1920x1080,1903x966,approve with $2.15 bonus,IPANAT SAMFE,1,words,English_Native,No_Psych,,l_pos,18+,,≥23,≥28,,≥33,,,,ACCEPT,,,,,,,≥38,≥43,≤47,,,,,,,,Responder,,,,,,,,,,,,,,,Continue,,,,,,,,,Orders 2 and 4,,order4,,,Continue,order2,,,,,,,,,,,,,Continue,EFDACB,Images loaded ok,approve with $2.15 bonus,tense-quantised,2
10,1571934386879,24/10/2019 16:26:26,1571934387283,-4,24/10/2019 12:26:27,10365,2,questionnaire-mie5,,3242468,AOEO9ZV81R0I4,899391,,complete,olfirh,,computer,Desktop or Laptop,Windows 10,Firefox 69.0,1920x1080,1903x966,approve with $2.15 bonus,IPANAT SAMFE,1,words,English_Native,No_Psych,,l_pos,18+,,≥23,≥28,,≥33,,,,ACCEPT,,,,,,,≥38,≥43,≤47,,,,,,,,Responder,,,,,,,,,,,,,,,Continue,,,,,,,,,Orders 2 and 4,,order4,,,Continue,order2,,,,,,,,,,,,,Continue,EFDACB,Images loaded ok,approve with $2.15 bonus,cheerful,2 - fits somewhat
11,1571934386879,24/10/2019 16:26:26,1571934387284,-4,24/10/2019 12:26:27,10365,2,questionnaire-mie5,,3242468,AOEO9ZV81R0I4,899391,,complete,olfirh,,computer,Desktop or Laptop,Windows 10,Firefox 69.0,1920x1080,1903x966,approve with $2.15 bonus,IPANAT SAMFE,1,words,English_Native,No_Psych,,l_pos,18+,,≥23,≥28,,≥33,,,,ACCEPT,,,,,,,≥38,≥43,≤47,,,,,,,,Responder,,,,,,,,,,,,,,,Continue,,,,,,,,,Orders 2 and 4,,order4,,,Continue,order2,,,,,,,,,,,,,Continue,EFDACB,Images loaded ok,approve with $2.15 bonus,cheerful-quantised,2
12,1571934386879,24/10/2019 16:26:26,1571934387285,-4,24/10/2019 12:26:27,10365,2,questionnaire-mie5,,3242468,AOEO9ZV81R0I4,899391,,complete,olfirh,,computer,Desktop or Laptop,Windows 10,Firefox 69.0,1920x1080,1903x966,approve with $2.15 bonus,IPANAT SAMFE,1,words,English_Native,No_Psych,,l_pos,18+,,≥23,≥28,,≥33,,,,ACCEPT,,,,,,,≥38,≥43,≤47,,,,,,,,Responder,,,,,,,,,,,,,,,Continue,,,,,,,,,Orders 2 and 4,,order4,,,Continue,order2,,,,,,,,,,,,,Continue,EFDACB,Images loaded ok,approve with $2.15 bonus,inhibited,1 - doesn't fit at all
13,1571934386879,24/10/2019 16:26:26,1571934387286,-4,24/10/2019 12:26:27,10365,2,questionnaire-mie5,,3242468,AOEO9ZV81R0I4,899391,,complete,olfirh,,computer,Desktop or Laptop,Windows 10,Firefox 69.0,1920x1080,1903x966,approve with $2.15 bonus,IPANAT SAMFE,1,words,English_Native,No_Psych,,l_pos,18+,,≥23,≥28,,≥33,,,,ACCEPT,,,,,,,≥38,≥43,≤47,,,,,,,,Responder,,,,,,,,,,,,,,,Continue,,,,,,,,,Orders 2 and 4,,order4,,,Continue,order2,,,,,,,,,,,,,Continue,EFDACB,Images loaded ok,approve with $2.15 bonus,inhibited-quantised,1
14,1571934386879,24/10/2019 16:26:26,1571934387287,-4,24/10/2019 12:26:27,10365,2,questionnaire-mie5,,3242468,AOEO9ZV81R0I4,899391,,complete,olfirh,,computer,Desktop or Laptop,Windows 10,Firefox 69.0,1920x1080,1903x966,approve with $2.15 bonus,IPANAT SAMFE,1,words,English_Native,No_Psych,,l_pos,18+,,≥23,≥28,,≥33,,,,ACCEPT,,,,,,,≥38,≥43,≤47,,,,,,,,Responder,,,,,,,,,,,,,,,Continue,,,,,,,,,Orders 2 and 4,,order4,,,Continue,order2,,,,,,,,,,,,,Continue,EFDACB,Images loaded ok,approve with $2.15 bonus,END QUESTIONNAIRE,20844
1,1571934449367,24/10/2019 16:27:29,1571934448370,-4,24/10/2019 12:27:28,10365,2,questionnaire-mie5,,3242497,A3FTR5MN7ZLS8M,899398,,complete,egpsye,,computer,Desktop or Laptop,Windows 10,Chrome 77.0.3865.120,1600x900,1600x789,approve with $2.15 bonus,IPANAT SAMFE,1,words,English_Native,No_Psych,,l_pos,18+,,≥23,≥28,,≤32,ACCEPT,,,,,,,,,,,,,,,,,,,,Responder,,,,,,,,,,,,,,,Continue,,,,,,,,,Orders 8 and 10,,,,,,,,,,,,order10,,order10,,,Continue,,Continue,FAEBDC,Images loaded ok,approve with $2.15 bonus,BEGIN QUESTIONNAIRE,
2,1571934461012,24/10/2019 16:27:41,1571934460113,-4,24/10/2019 12:27:40,10365,2,questionnaire-mie5,,3242497,A3FTR5MN7ZLS8M,899398,,complete,egpsye,,computer,Desktop or Laptop,Windows 10,Chrome 77.0.3865.120,1600x900,1583x789,approve with $2.15 bonus,IPANAT SAMFE,1,words,English_Native,No_Psych,,l_pos,18+,,≥23,≥28,,≤32,ACCEPT,,,,,,,,,,,,,,,,,,,,Responder,,,,,,,,,,,,,,,Continue,,,,,,,,,Orders 8 and 10,,,,,,,,,,,,order10,,order10,,,Continue,,Continue,FAEBDC,Images loaded ok,approve with $2.15 bonus,happy,2 - fits somewhat
3,1571934461216,24/10/2019 16:27:41,1571934460120,-4,24/10/2019 12:27:40,10365,2,questionnaire-mie5,,3242497,A3FTR5MN7ZLS8M,899398,,complete,egpsye,,computer,Desktop or Laptop,Windows 10,Chrome 77.0.3865.120,1600x900,1583x789,approve with $2.15 bonus,IPANAT SAMFE,1,words,English_Native,No_Psych,,l_pos,18+,,≥23,≥28,,≤32,ACCEPT,,,,,,,,,,,,,,,,,,,,Responder,,,,,,,,,,,,,,,Continue,,,,,,,,,Orders 8 and 10,,,,,,,,,,,,order10,,order10,,,Continue,,Continue,FAEBDC,Images loaded ok,approve with $2.15 bonus,happy-quantised,2
4,1571934461216,24/10/2019 16:27:41,1571934460122,-4,24/10/2019 12:27:40,10365,2,questionnaire-mie5,,3242497,A3FTR5MN7ZLS8M,899398,,complete,egpsye,,computer,Desktop or Laptop,Windows 10,Chrome 77.0.3865.120,1600x900,1583x789,approve with $2.15 bonus,IPANAT SAMFE,1,words,English_Native,No_Psych,,l_pos,18+,,≥23,≥28,,≤32,ACCEPT,,,,,,,,,,,,,,,,,,,,Responder,,,,,,,,,,,,,,,Continue,,,,,,,,,Orders 8 and 10,,,,,,,,,,,,order10,,order10,,,Continue,,Continue,FAEBDC,Images loaded ok,approve with $2.15 bonus,helpless,3 - fits quite well
5,1571934461216,24/10/2019 16:27:41,1571934460123,-4,24/10/2019 12:27:40,10365,2,questionnaire-mie5,,3242497,A3FTR5MN7ZLS8M,899398,,complete,egpsye,,computer,Desktop or Laptop,Windows 10,Chrome 77.0.3865.120,1600x900,1583x789,approve with $2.15 bonus,IPANAT SAMFE,1,words,English_Native,No_Psych,,l_pos,18+,,≥23,≥28,,≤32,ACCEPT,,,,,,,,,,,,,,,,,,,,Responder,,,,,,,,,,,,,,,Continue,,,,,,,,,Orders 8 and 10,,,,,,,,,,,,order10,,order10,,,Continue,,Continue,FAEBDC,Images loaded ok,approve with $2.15 bonus,helpless-quantised,3
6,1571934461216,24/10/2019 16:27:41,1571934460126,-4,24/10/2019 12:27:40,10365,2,questionnaire-mie5,,3242497,A3FTR5MN7ZLS8M,899398,,complete,egpsye,,computer,Desktop or Laptop,Windows 10,Chrome 77.0.3865.120,1600x900,1583x789,approve with $2.15 bonus,IPANAT SAMFE,1,words,English_Native,No_Psych,,l_pos,18+,,≥23,≥28,,≤32,ACCEPT,,,,,,,,,,,,,,,,,,,,Responder,,,,,,,,,,,,,,,Continue,,,,,,,,,Orders 8 and 10,,,,,,,,,,,,order10,,order10,,,Continue,,Continue,FAEBDC,Images loaded ok,approve with $2.15 bonus,energetic,2 - fits somewhat
7,1571934461216,24/10/2019 16:27:41,1571934460127,-4,24/10/2019 12:27:40,10365,2,questionnaire-mie5,,3242497,A3FTR5MN7ZLS8M,899398,,complete,egpsye,,computer,Desktop or Laptop,Windows 10,Chrome 77.0.3865.120,1600x900,1583x789,approve with $2.15 bonus,IPANAT SAMFE,1,words,English_Native,No_Psych,,l_pos,18+,,≥23,≥28,,≤32,ACCEPT,,,,,,,,,,,,,,,,,,,,Responder,,,,,,,,,,,,,,,Continue,,,,,,,,,Orders 8 and 10,,,,,,,,,,,,order10,,order10,,,Continue,,Continue,FAEBDC,Images loaded ok,approve with $2.15 bonus,energetic-quantised,2
8,1571934461216,24/10/2019 16:27:41,1571934460128,-4,24/10/2019 12:27:40,10365,2,questionnaire-mie5,,3242497,A3FTR5MN7ZLS8M,899398,,complete,egpsye,,computer,Desktop or Laptop,Windows 10,Chrome 77.0.3865.120,1600x900,1583x789,approve with $2.15 bonus,IPANAT SAMFE,1,words,English_Native,No_Psych,,l_pos,18+,,≥23,≥28,,≤32,ACCEPT,,,,,,,,,,,,,,,,,,,,Responder,,,,,,,,,,,,,,,Continue,,,,,,,,,Orders 8 and 10,,,,,,,,,,,,order10,,order10,,,Continue,,Continue,FAEBDC,Images loaded ok,approve with $2.15 bonus,tense,2 - fits somewhat
9,1571934461216,24/10/2019 16:27:41,1571934460129,-4,24/10/2019 12:27:40,10365,2,questionnaire-mie5,,3242497,A3FTR5MN7ZLS8M,899398,,complete,egpsye,,computer,Desktop or Laptop,Windows 10,Chrome 77.0.3865.120,1600x900,1583x789,approve with $2.15 bonus,IPANAT SAMFE,1,words,English_Native,No_Psych,,l_pos,18+,,≥23,≥28,,≤32,ACCEPT,,,,,,,,,,,,,,,,,,,,Responder,,,,,,,,,,,,,,,Continue,,,,,,,,,Orders 8 and 10,,,,,,,,,,,,order10,,order10,,,Continue,,Continue,FAEBDC,Images loaded ok,approve with $2.15 bonus,tense-quantised,2
10,1571934461216,24/10/2019 16:27:41,1571934460130,-4,24/10/2019 12:27:40,10365,2,questionnaire-mie5,,3242497,A3FTR5MN7ZLS8M,899398,,complete,egpsye,,computer,Desktop or Laptop,Windows 10,Chrome 77.0.3865.120,1600x900,1583x789,approve with $2.15 bonus,IPANAT SAMFE,1,words,English_Native,No_Psych,,l_pos,18+,,≥23,≥28,,≤32,ACCEPT,,,,,,,,,,,,,,,,,,,,Responder,,,,,,,,,,,,,,,Continue,,,,,,,,,Orders 8 and 10,,,,,,,,,,,,order10,,order10,,,Continue,,Continue,FAEBDC,Images loaded ok,approve with $2.15 bonus,cheerful,2 - fits somewhat
11,1571934461216,24/10/2019 16:27:41,1571934460134,-4,24/10/2019 12:27:40,10365,2,questionnaire-mie5,,3242497,A3FTR5MN7ZLS8M,899398,,complete,egpsye,,computer,Desktop or Laptop,Windows 10,Chrome 77.0.3865.120,1600x900,1583x789,approve with $2.15 bonus,IPANAT SAMFE,1,words,English_Native,No_Psych,,l_pos,18+,,≥23,≥28,,≤32,ACCEPT,,,,,,,,,,,,,,,,,,,,Responder,,,,,,,,,,,,,,,Continue,,,,,,,,,Orders 8 and 10,,,,,,,,,,,,order10,,order10,,,Continue,,Continue,FAEBDC,Images loaded ok,approve with $2.15 bonus,cheerful-quantised,2
12,1571934461216,24/10/2019 16:27:41,1571934460135,-4,24/10/2019 12:27:40,10365,2,questionnaire-mie5,,3242497,A3FTR5MN7ZLS8M,899398,,complete,egpsye,,computer,Desktop or Laptop,Windows 10,Chrome 77.0.3865.120,1600x900,1583x789,approve with $2.15 bonus,IPANAT SAMFE,1,words,English_Native,No_Psych,,l_pos,18+,,≥23,≥28,,≤32,ACCEPT,,,,,,,,,,,,,,,,,,,,Responder,,,,,,,,,,,,,,,Continue,,,,,,,,,Orders 8 and 10,,,,,,,,,,,,order10,,order10,,,Continue,,Continue,FAEBDC,Images loaded ok,approve with $2.15 bonus,inhibited,2 - fits somewhat
13,1571934461216,24/10/2019 16:27:41,1571934460136,-4,24/10/2019 12:27:40,10365,2,questionnaire-mie5,,3242497,A3FTR5MN7ZLS8M,899398,,complete,egpsye,,computer,Desktop or Laptop,Windows 10,Chrome 77.0.3865.120,1600x900,1583x789,approve with $2.15 bonus,IPANAT SAMFE,1,words,English_Native,No_Psych,,l_pos,18+,,≥23,≥28,,≤32,ACCEPT,,,,,,,,,,,,,,,,,,,,Responder,,,,,,,,,,,,,,,Continue,,,,,,,,,Orders 8 and 10,,,,,,,,,,,,order10,,order10,,,Continue,,Continue,FAEBDC,Images loaded ok,approve with $2.15 bonus,inhibited-quantised,2
14,1571934461216,24/10/2019 16:27:41,1571934460137,-4,24/10/2019 12:27:40,10365,2,questionnaire-mie5,,3242497,A3FTR5MN7ZLS8M,899398,,complete,egpsye,,computer,Desktop or Laptop,Windows 10,Chrome 77.0.3865.120,1600x900,1583x789,approve with $2.15 bonus,IPANAT SAMFE,1,words,English_Native,No_Psych,,l_pos,18+,,≥23,≥28,,≤32,ACCEPT,,,,,,,,,,,,,,,,,,,,Responder,,,,,,,,,,,,,,,Continue,,,,,,,,,Orders 8 and 10,,,,,,,,,,,,order10,,order10,,,Continue,,Continue,FAEBDC,Images loaded ok,approve with $2.15 bonus,END QUESTIONNAIRE,11767
1,1571935087333,24/10/2019 16:38:07,1571935087165,-7,24/10/2019 09:38:07,10365,2,questionnaire-mie5,,3242646,A12TZ1W76AGOF9,899435,,complete,cthtqa,,computer,Desktop or Laptop,Mac OS 10.13.6,Chrome 76.0.3809.132,1440x900,1440x798,approve with $2.15 bonus,IPANAT SAMFE,1,words,English_Native,No_Psych,,l_pos,18+,,≥23,≥28,,≥33,,,ACCEPT,,,,,,,,≥38,≤42,,,,,,,,,Responder,,,,,,,,,,,,,,,Continue,,,,,,,,,Orders 5 and 6,,,,,,,order5,order6,Continue,,,,,,,,,,Continue,ABFCED,Images loaded ok,approve with $2.15 bonus,BEGIN QUESTIONNAIRE,
2,1571935100525,24/10/2019 16:38:20,1571935100354,-7,24/10/2019 09:38:20,10365,2,questionnaire-mie5,,3242646,A12TZ1W76AGOF9,899435,,complete,cthtqa,,computer,Desktop or Laptop,Mac OS 10.13.6,Chrome 76.0.3809.132,1440x900,1440x798,approve with $2.15 bonus,IPANAT SAMFE,1,words,English_Native,No_Psych,,l_pos,18+,,≥23,≥28,,≥33,,,ACCEPT,,,,,,,,≥38,≤42,,,,,,,,,Responder,,,,,,,,,,,,,,,Continue,,,,,,,,,Orders 5 and 6,,,,,,,order5,order6,Continue,,,,,,,,,,Continue,ABFCED,Images loaded ok,approve with $2.15 bonus,happy,1 - doesn't fit at all
3,1571935100729,24/10/2019 16:38:20,1571935100356,-7,24/10/2019 09:38:20,10365,2,questionnaire-mie5,,3242646,A12TZ1W76AGOF9,899435,,complete,cthtqa,,computer,Desktop or Laptop,Mac OS 10.13.6,Chrome 76.0.3809.132,1440x900,1440x798,approve with $2.15 bonus,IPANAT SAMFE,1,words,English_Native,No_Psych,,l_pos,18+,,≥23,≥28,,≥33,,,ACCEPT,,,,,,,,≥38,≤42,,,,,,,,,Responder,,,,,,,,,,,,,,,Continue,,,,,,,,,Orders 5 and 6,,,,,,,order5,order6,Continue,,,,,,,,,,Continue,ABFCED,Images loaded ok,approve with $2.15 bonus,happy-quantised,1
4,1571935100729,24/10/2019 16:38:20,1571935100357,-7,24/10/2019 09:38:20,10365,2,questionnaire-mie5,,3242646,A12TZ1W76AGOF9,899435,,complete,cthtqa,,computer,Desktop or Laptop,Mac OS 10.13.6,Chrome 76.0.3809.132,1440x900,1440x798,approve with $2.15 bonus,IPANAT SAMFE,1,words,English_Native,No_Psych,,l_pos,18+,,≥23,≥28,,≥33,,,ACCEPT,,,,,,,,≥38,≤42,,,,,,,,,Responder,,,,,,,,,,,,,,,Continue,,,,,,,,,Orders 5 and 6,,,,,,,order5,order6,Continue,,,,,,,,,,Continue,ABFCED,Images loaded ok,approve with $2.15 bonus,helpless,2 - fits somewhat
5,1571935100729,24/10/2019 16:38:20,1571935100357,-7,24/10/2019 09:38:20,10365,2,questionnaire-mie5,,3242646,A12TZ1W76AGOF9,899435,,complete,cthtqa,,computer,Desktop or Laptop,Mac OS 10.13.6,Chrome 76.0.3809.132,1440x900,1440x798,approve with $2.15 bonus,IPANAT SAMFE,1,words,English_Native,No_Psych,,l_pos,18+,,≥23,≥28,,≥33,,,ACCEPT,,,,,,,,≥38,≤42,,,,,,,,,Responder,,,,,,,,,,,,,,,Continue,,,,,,,,,Orders 5 and 6,,,,,,,order5,order6,Continue,,,,,,,,,,Continue,ABFCED,Images loaded ok,approve with $2.15 bonus,helpless-quantised,2
6,1571935100729,24/10/2019 16:38:20,1571935100357,-7,24/10/2019 09:38:20,10365,2,questionnaire-mie5,,3242646,A12TZ1W76AGOF9,899435,,complete,cthtqa,,computer,Desktop or Laptop,Mac OS 10.13.6,Chrome 76.0.3809.132,1440x900,1440x798,approve with $2.15 bonus,IPANAT SAMFE,1,words,English_Native,No_Psych,,l_pos,18+,,≥23,≥28,,≥33,,,ACCEPT,,,,,,,,≥38,≤42,,,,,,,,,Responder,,,,,,,,,,,,,,,Continue,,,,,,,,,Orders 5 and 6,,,,,,,order5,order6,Continue,,,,,,,,,,Continue,ABFCED,Images loaded ok,approve with $2.15 bonus,energetic,1 - doesn't fit at all
7,1571935100729,24/10/2019 16:38:20,1571935100357,-7,24/10/2019 09:38:20,10365,2,questionnaire-mie5,,3242646,A12TZ1W76AGOF9,899435,,complete,cthtqa,,computer,Desktop or Laptop,Mac OS 10.13.6,Chrome 76.0.3809.132,1440x900,1440x798,approve with $2.15 bonus,IPANAT SAMFE,1,words,English_Native,No_Psych,,l_pos,18+,,≥23,≥28,,≥33,,,ACCEPT,,,,,,,,≥38,≤42,,,,,,,,,Responder,,,,,,,,,,,,,,,Continue,,,,,,,,,Orders 5 and 6,,,,,,,order5,order6,Continue,,,,,,,,,,Continue,ABFCED,Images loaded ok,approve with $2.15 bonus,energetic-quantised,1
8,1571935100729,24/10/2019 16:38:20,1571935100357,-7,24/10/2019 09:38:20,10365,2,questionnaire-mie5,,3242646,A12TZ1W76AGOF9,899435,,complete,cthtqa,,computer,Desktop or Laptop,Mac OS 10.13.6,Chrome 76.0.3809.132,1440x900,1440x798,approve with $2.15 bonus,IPANAT SAMFE,1,words,English_Native,No_Psych,,l_pos,18+,,≥23,≥28,,≥33,,,ACCEPT,,,,,,,,≥38,≤42,,,,,,,,,Responder,,,,,,,,,,,,,,,Continue,,,,,,,,,Orders 5 and 6,,,,,,,order5,order6,Continue,,,,,,,,,,Continue,ABFCED,Images loaded ok,approve with $2.15 bonus,tense,2 - fits somewhat
9,1571935100729,24/10/2019 16:38:20,1571935100357,-7,24/10/2019 09:38:20,10365,2,questionnaire-mie5,,3242646,A12TZ1W76AGOF9,899435,,complete,cthtqa,,computer,Desktop or Laptop,Mac OS 10.13.6,Chrome 76.0.3809.132,1440x900,1440x798,approve with $2.15 bonus,IPANAT SAMFE,1,words,English_Native,No_Psych,,l_pos,18+,,≥23,≥28,,≥33,,,ACCEPT,,,,,,,,≥38,≤42,,,,,,,,,Responder,,,,,,,,,,,,,,,Continue,,,,,,,,,Orders 5 and 6,,,,,,,order5,order6,Continue,,,,,,,,,,Continue,ABFCED,Images loaded ok,approve with $2.15 bonus,tense-quantised,2
10,1571935100729,24/10/2019 16:38:20,1571935100357,-7,24/10/2019 09:38:20,10365,2,questionnaire-mie5,,3242646,A12TZ1W76AGOF9,899435,,complete,cthtqa,,computer,Desktop or Laptop,Mac OS 10.13.6,Chrome 76.0.3809.132,1440x900,1440x798,approve with $2.15 bonus,IPANAT SAMFE,1,words,English_Native,No_Psych,,l_pos,18+,,≥23,≥28,,≥33,,,ACCEPT,,,,,,,,≥38,≤42,,,,,,,,,Responder,,,,,,,,,,,,,,,Continue,,,,,,,,,Orders 5 and 6,,,,,,,order5,order6,Continue,,,,,,,,,,Continue,ABFCED,Images loaded ok,approve with $2.15 bonus,cheerful,1 - doesn't fit at all
11,1571935100729,24/10/2019 16:38:20,1571935100358,-7,24/10/2019 09:38:20,10365,2,questionnaire-mie5,,3242646,A12TZ1W76AGOF9,899435,,complete,cthtqa,,computer,Desktop or Laptop,Mac OS 10.13.6,Chrome 76.0.3809.132,1440x900,1440x798,approve with $2.15 bonus,IPANAT SAMFE,1,words,English_Native,No_Psych,,l_pos,18+,,≥23,≥28,,≥33,,,ACCEPT,,,,,,,,≥38,≤42,,,,,,,,,Responder,,,,,,,,,,,,,,,Continue,,,,,,,,,Orders 5 and 6,,,,,,,order5,order6,Continue,,,,,,,,,,Continue,ABFCED,Images loaded ok,approve with $2.15 bonus,cheerful-quantised,1
12,1571935100729,24/10/2019 16:38:20,1571935100358,-7,24/10/2019 09:38:20,10365,2,questionnaire-mie5,,3242646,A12TZ1W76AGOF9,899435,,complete,cthtqa,,computer,Desktop or Laptop,Mac OS 10.13.6,Chrome 76.0.3809.132,1440x900,1440x798,approve with $2.15 bonus,IPANAT SAMFE,1,words,English_Native,No_Psych,,l_pos,18+,,≥23,≥28,,≥33,,,ACCEPT,,,,,,,,≥38,≤42,,,,,,,,,Responder,,,,,,,,,,,,,,,Continue,,,,,,,,,Orders 5 and 6,,,,,,,order5,order6,Continue,,,,,,,,,,Continue,ABFCED,Images loaded ok,approve with $2.15 bonus,inhibited,2 - fits somewhat
13,1571935100729,24/10/2019 16:38:20,1571935100358,-7,24/10/2019 09:38:20,10365,2,questionnaire-mie5,,3242646,A12TZ1W76AGOF9,899435,,complete,cthtqa,,computer,Desktop or Laptop,Mac OS 10.13.6,Chrome 76.0.3809.132,1440x900,1440x798,approve with $2.15 bonus,IPANAT SAMFE,1,words,English_Native,No_Psych,,l_pos,18+,,≥23,≥28,,≥33,,,ACCEPT,,,,,,,,≥38,≤42,,,,,,,,,Responder,,,,,,,,,,,,,,,Continue,,,,,,,,,Orders 5 and 6,,,,,,,order5,order6,Continue,,,,,,,,,,Continue,ABFCED,Images loaded ok,approve with $2.15 bonus,inhibited-quantised,2
14,1571935100729,24/10/2019 16:38:20,1571935100358,-7,24/10/2019 09:38:20,10365,2,questionnaire-mie5,,3242646,A12TZ1W76AGOF9,899435,,complete,cthtqa,,computer,Desktop or Laptop,Mac OS 10.13.6,Chrome 76.0.3809.132,1440x900,1440x798,approve with $2.15 bonus,IPANAT SAMFE,1,words,English_Native,No_Psych,,l_pos,18+,,≥23,≥28,,≥33,,,ACCEPT,,,,,,,,≥38,≤42,,,,,,,,,Responder,,,,,,,,,,,,,,,Continue,,,,,,,,,Orders 5 and 6,,,,,,,order5,order6,Continue,,,,,,,,,,Continue,ABFCED,Images loaded ok,approve with $2.15 bonus,END QUESTIONNAIRE,13193
1,1571935243610,24/10/2019 16:40:43,1571935243989,-4,24/10/2019 12:40:43,10365,2,questionnaire-mie5,,3242684,AOOLS8280CL0Z,899445,,complete,vennut,,computer,Desktop or Laptop,Windows 10,Chrome 77.0.3865.120,1366x768,1366x599,approve with $2.15 bonus,IPANAT SAMFE,1,words,English_Native,No_Psych,Responder,a_pos,18+,,≥23,≥28,,≥33,,,,,,,,ACCEPT,,,≥38,≥43,≥48,≥53,≥58,≥63,≤67,,,,,order3,,,Orders 1 and 3,,,,,,,Continue,,,order1,Continue,,,,,,,,,,,,,,,,,,,,,,,,,,,,Continue,BCADFE,Images loaded ok,approve with $2.15 bonus,BEGIN QUESTIONNAIRE,
2,1571935274512,24/10/2019 16:41:14,1571935274907,-4,24/10/2019 12:41:14,10365,2,questionnaire-mie5,,3242684,AOOLS8280CL0Z,899445,,complete,vennut,,computer,Desktop or Laptop,Windows 10,Chrome 77.0.3865.120,1366x768,1349x599,approve with $2.15 bonus,IPANAT SAMFE,1,words,English_Native,No_Psych,Responder,a_pos,18+,,≥23,≥28,,≥33,,,,,,,,ACCEPT,,,≥38,≥43,≥48,≥53,≥58,≥63,≤67,,,,,order3,,,Orders 1 and 3,,,,,,,Continue,,,order1,Continue,,,,,,,,,,,,,,,,,,,,,,,,,,,,Continue,BCADFE,Images loaded ok,approve with $2.15 bonus,happy,2 - fits somewhat
3,1571935274699,24/10/2019 16:41:14,1571935274909,-4,24/10/2019 12:41:14,10365,2,questionnaire-mie5,,3242684,AOOLS8280CL0Z,899445,,complete,vennut,,computer,Desktop or Laptop,Windows 10,Chrome 77.0.3865.120,1366x768,1349x599,approve with $2.15 bonus,IPANAT SAMFE,1,words,English_Native,No_Psych,Responder,a_pos,18+,,≥23,≥28,,≥33,,,,,,,,ACCEPT,,,≥38,≥43,≥48,≥53,≥58,≥63,≤67,,,,,order3,,,Orders 1 and 3,,,,,,,Continue,,,order1,Continue,,,,,,,,,,,,,,,,,,,,,,,,,,,,Continue,BCADFE,Images loaded ok,approve with $2.15 bonus,happy-quantised,2
4,1571935274699,24/10/2019 16:41:14,1571935274909,-4,24/10/2019 12:41:14,10365,2,questionnaire-mie5,,3242684,AOOLS8280CL0Z,899445,,complete,vennut,,computer,Desktop or Laptop,Windows 10,Chrome 77.0.3865.120,1366x768,1349x599,approve with $2.15 bonus,IPANAT SAMFE,1,words,English_Native,No_Psych,Responder,a_pos,18+,,≥23,≥28,,≥33,,,,,,,,ACCEPT,,,≥38,≥43,≥48,≥53,≥58,≥63,≤67,,,,,order3,,,Orders 1 and 3,,,,,,,Continue,,,order1,Continue,,,,,,,,,,,,,,,,,,,,,,,,,,,,Continue,BCADFE,Images loaded ok,approve with $2.15 bonus,helpless,1 - doesn't fit at all
5,1571935274699,24/10/2019 16:41:14,1571935274909,-4,24/10/2019 12:41:14,10365,2,questionnaire-mie5,,3242684,AOOLS8280CL0Z,899445,,complete,vennut,,computer,Desktop or Laptop,Windows 10,Chrome 77.0.3865.120,1366x768,1349x599,approve with $2.15 bonus,IPANAT SAMFE,1,words,English_Native,No_Psych,Responder,a_pos,18+,,≥23,≥28,,≥33,,,,,,,,ACCEPT,,,≥38,≥43,≥48,≥53,≥58,≥63,≤67,,,,,order3,,,Orders 1 and 3,,,,,,,Continue,,,order1,Continue,,,,,,,,,,,,,,,,,,,,,,,,,,,,Continue,BCADFE,Images loaded ok,approve with $2.15 bonus,helpless-quantised,1
6,1571935274699,24/10/2019 16:41:14,1571935274910,-4,24/10/2019 12:41:14,10365,2,questionnaire-mie5,,3242684,AOOLS8280CL0Z,899445,,complete,vennut,,computer,Desktop or Laptop,Windows 10,Chrome 77.0.3865.120,1366x768,1349x599,approve with $2.15 bonus,IPANAT SAMFE,1,words,English_Native,No_Psych,Responder,a_pos,18+,,≥23,≥28,,≥33,,,,,,,,ACCEPT,,,≥38,≥43,≥48,≥53,≥58,≥63,≤67,,,,,order3,,,Orders 1 and 3,,,,,,,Continue,,,order1,Continue,,,,,,,,,,,,,,,,,,,,,,,,,,,,Continue,BCADFE,Images loaded ok,approve with $2.15 bonus,energetic,2 - fits somewhat
7,1571935274699,24/10/2019 16:41:14,1571935274910,-4,24/10/2019 12:41:14,10365,2,questionnaire-mie5,,3242684,AOOLS8280CL0Z,899445,,complete,vennut,,computer,Desktop or Laptop,Windows 10,Chrome 77.0.3865.120,1366x768,1349x599,approve with $2.15 bonus,IPANAT SAMFE,1,words,English_Native,No_Psych,Responder,a_pos,18+,,≥23,≥28,,≥33,,,,,,,,ACCEPT,,,≥38,≥43,≥48,≥53,≥58,≥63,≤67,,,,,order3,,,Orders 1 and 3,,,,,,,Continue,,,order1,Continue,,,,,,,,,,,,,,,,,,,,,,,,,,,,Continue,BCADFE,Images loaded ok,approve with $2.15 bonus,energetic-quantised,2
8,1571935274699,24/10/2019 16:41:14,1571935274910,-4,24/10/2019 12:41:14,10365,2,questionnaire-mie5,,3242684,AOOLS8280CL0Z,899445,,complete,vennut,,computer,Desktop or Laptop,Windows 10,Chrome 77.0.3865.120,1366x768,1349x599,approve with $2.15 bonus,IPANAT SAMFE,1,words,English_Native,No_Psych,Responder,a_pos,18+,,≥23,≥28,,≥33,,,,,,,,ACCEPT,,,≥38,≥43,≥48,≥53,≥58,≥63,≤67,,,,,order3,,,Orders 1 and 3,,,,,,,Continue,,,order1,Continue,,,,,,,,,,,,,,,,,,,,,,,,,,,,Continue,BCADFE,Images loaded ok,approve with $2.15 bonus,tense,1 - doesn't fit at all
9,1571935274699,24/10/2019 16:41:14,1571935274911,-4,24/10/2019 12:41:14,10365,2,questionnaire-mie5,,3242684,AOOLS8280CL0Z,899445,,complete,vennut,,computer,Desktop or Laptop,Windows 10,Chrome 77.0.3865.120,1366x768,1349x599,approve with $2.15 bonus,IPANAT SAMFE,1,words,English_Native,No_Psych,Responder,a_pos,18+,,≥23,≥28,,≥33,,,,,,,,ACCEPT,,,≥38,≥43,≥48,≥53,≥58,≥63,≤67,,,,,order3,,,Orders 1 and 3,,,,,,,Continue,,,order1,Continue,,,,,,,,,,,,,,,,,,,,,,,,,,,,Continue,BCADFE,Images loaded ok,approve with $2.15 bonus,tense-quantised,1
10,1571935274699,24/10/2019 16:41:14,1571935274911,-4,24/10/2019 12:41:14,10365,2,questionnaire-mie5,,3242684,AOOLS8280CL0Z,899445,,complete,vennut,,computer,Desktop or Laptop,Windows 10,Chrome 77.0.3865.120,1366x768,1349x599,approve with $2.15 bonus,IPANAT SAMFE,1,words,English_Native,No_Psych,Responder,a_pos,18+,,≥23,≥28,,≥33,,,,,,,,ACCEPT,,,≥38,≥43,≥48,≥53,≥58,≥63,≤67,,,,,order3,,,Orders 1 and 3,,,,,,,Continue,,,order1,Continue,,,,,,,,,,,,,,,,,,,,,,,,,,,,Continue,BCADFE,Images loaded ok,approve with $2.15 bonus,cheerful,3 - fits quite well
11,1571935274699,24/10/2019 16:41:14,1571935274911,-4,24/10/2019 12:41:14,10365,2,questionnaire-mie5,,3242684,AOOLS8280CL0Z,899445,,complete,vennut,,computer,Desktop or Laptop,Windows 10,Chrome 77.0.3865.120,1366x768,1349x599,approve with $2.15 bonus,IPANAT SAMFE,1,words,English_Native,No_Psych,Responder,a_pos,18+,,≥23,≥28,,≥33,,,,,,,,ACCEPT,,,≥38,≥43,≥48,≥53,≥58,≥63,≤67,,,,,order3,,,Orders 1 and 3,,,,,,,Continue,,,order1,Continue,,,,,,,,,,,,,,,,,,,,,,,,,,,,Continue,BCADFE,Images loaded ok,approve with $2.15 bonus,cheerful-quantised,3
12,1571935274699,24/10/2019 16:41:14,1571935274912,-4,24/10/2019 12:41:14,10365,2,questionnaire-mie5,,3242684,AOOLS8280CL0Z,899445,,complete,vennut,,computer,Desktop or Laptop,Windows 10,Chrome 77.0.3865.120,1366x768,1349x599,approve with $2.15 bonus,IPANAT SAMFE,1,words,English_Native,No_Psych,Responder,a_pos,18+,,≥23,≥28,,≥33,,,,,,,,ACCEPT,,,≥38,≥43,≥48,≥53,≥58,≥63,≤67,,,,,order3,,,Orders 1 and 3,,,,,,,Continue,,,order1,Continue,,,,,,,,,,,,,,,,,,,,,,,,,,,,Continue,BCADFE,Images loaded ok,approve with $2.15 bonus,inhibited,1 - doesn't fit at all
13,1571935274699,24/10/2019 16:41:14,1571935274912,-4,24/10/2019 12:41:14,10365,2,questionnaire-mie5,,3242684,AOOLS8280CL0Z,899445,,complete,vennut,,computer,Desktop or Laptop,Windows 10,Chrome 77.0.3865.120,1366x768,1349x599,approve with $2.15 bonus,IPANAT SAMFE,1,words,English_Native,No_Psych,Responder,a_pos,18+,,≥23,≥28,,≥33,,,,,,,,ACCEPT,,,≥38,≥43,≥48,≥53,≥58,≥63,≤67,,,,,order3,,,Orders 1 and 3,,,,,,,Continue,,,order1,Continue,,,,,,,,,,,,,,,,,,,,,,,,,,,,Continue,BCADFE,Images loaded ok,approve with $2.15 bonus,inhibited-quantised,1
14,1571935274699,24/10/2019 16:41:14,1571935274912,-4,24/10/2019 12:41:14,10365,2,questionnaire-mie5,,3242684,AOOLS8280CL0Z,899445,,complete,vennut,,computer,Desktop or Laptop,Windows 10,Chrome 77.0.3865.120,1366x768,1349x599,approve with $2.15 bonus,IPANAT SAMFE,1,words,English_Native,No_Psych,Responder,a_pos,18+,,≥23,≥28,,≥33,,,,,,,,ACCEPT,,,≥38,≥43,≥48,≥53,≥58,≥63,≤67,,,,,order3,,,Orders 1 and 3,,,,,,,Continue,,,order1,Continue,,,,,,,,,,,,,,,,,,,,,,,,,,,,Continue,BCADFE,Images loaded ok,approve with $2.15 bonus,END QUESTIONNAIRE,30923
1,1571937998020,24/10/2019 17:26:38,1571937999831,-4,24/10/2019 13:26:39,10365,2,questionnaire-mie5,,3243251,h3e41j7l,899534,,complete,sxojso,,computer,Desktop or Laptop,Windows 10,Chrome 77.0.3865.120,1536x864,1043x727,approve with $2.15 bonus,IPANAT SAMFE,1,words,English_Native,No_Psych,,l_pos,18+,,≥23,≥28,,≤32,ACCEPT,,,,,,,,,,,,,,,,,,,,Responder,,,,,,,,,,,,,,,Continue,,,,,,,,,Orders 1 and 3,order1,,Continue,order3,,,,,,,,,,,,,,,Continue,CDBEAF,Images loaded ok,approve with $2.15 bonus,BEGIN QUESTIONNAIRE,
2,1571938019290,24/10/2019 17:26:59,1571938021156,-4,24/10/2019 13:27:01,10365,2,questionnaire-mie5,,3243251,h3e41j7l,899534,,complete,sxojso,,computer,Desktop or Laptop,Windows 10,Chrome 77.0.3865.120,1536x864,1026x727,approve with $2.15 bonus,IPANAT SAMFE,1,words,English_Native,No_Psych,,l_pos,18+,,≥23,≥28,,≤32,ACCEPT,,,,,,,,,,,,,,,,,,,,Responder,,,,,,,,,,,,,,,Continue,,,,,,,,,Orders 1 and 3,order1,,Continue,order3,,,,,,,,,,,,,,,Continue,CDBEAF,Images loaded ok,approve with $2.15 bonus,happy,4 - fits very well
3,1571938019684,24/10/2019 17:26:59,1571938021157,-4,24/10/2019 13:27:01,10365,2,questionnaire-mie5,,3243251,h3e41j7l,899534,,complete,sxojso,,computer,Desktop or Laptop,Windows 10,Chrome 77.0.3865.120,1536x864,1026x727,approve with $2.15 bonus,IPANAT SAMFE,1,words,English_Native,No_Psych,,l_pos,18+,,≥23,≥28,,≤32,ACCEPT,,,,,,,,,,,,,,,,,,,,Responder,,,,,,,,,,,,,,,Continue,,,,,,,,,Orders 1 and 3,order1,,Continue,order3,,,,,,,,,,,,,,,Continue,CDBEAF,Images loaded ok,approve with $2.15 bonus,happy-quantised,4
4,1571938019684,24/10/2019 17:26:59,1571938021158,-4,24/10/2019 13:27:01,10365,2,questionnaire-mie5,,3243251,h3e41j7l,899534,,complete,sxojso,,computer,Desktop or Laptop,Windows 10,Chrome 77.0.3865.120,1536x864,1026x727,approve with $2.15 bonus,IPANAT SAMFE,1,words,English_Native,No_Psych,,l_pos,18+,,≥23,≥28,,≤32,ACCEPT,,,,,,,,,,,,,,,,,,,,Responder,,,,,,,,,,,,,,,Continue,,,,,,,,,Orders 1 and 3,order1,,Continue,order3,,,,,,,,,,,,,,,Continue,CDBEAF,Images loaded ok,approve with $2.15 bonus,helpless,1 - doesn't fit at all
5,1571938019684,24/10/2019 17:26:59,1571938021158,-4,24/10/2019 13:27:01,10365,2,questionnaire-mie5,,3243251,h3e41j7l,899534,,complete,sxojso,,computer,Desktop or Laptop,Windows 10,Chrome 77.0.3865.120,1536x864,1026x727,approve with $2.15 bonus,IPANAT SAMFE,1,words,English_Native,No_Psych,,l_pos,18+,,≥23,≥28,,≤32,ACCEPT,,,,,,,,,,,,,,,,,,,,Responder,,,,,,,,,,,,,,,Continue,,,,,,,,,Orders 1 and 3,order1,,Continue,order3,,,,,,,,,,,,,,,Continue,CDBEAF,Images loaded ok,approve with $2.15 bonus,helpless-quantised,1
6,1571938019684,24/10/2019 17:26:59,1571938021158,-4,24/10/2019 13:27:01,10365,2,questionnaire-mie5,,3243251,h3e41j7l,899534,,complete,sxojso,,computer,Desktop or Laptop,Windows 10,Chrome 77.0.3865.120,1536x864,1026x727,approve with $2.15 bonus,IPANAT SAMFE,1,words,English_Native,No_Psych,,l_pos,18+,,≥23,≥28,,≤32,ACCEPT,,,,,,,,,,,,,,,,,,,,Responder,,,,,,,,,,,,,,,Continue,,,,,,,,,Orders 1 and 3,order1,,Continue,order3,,,,,,,,,,,,,,,Continue,CDBEAF,Images loaded ok,approve with $2.15 bonus,energetic,4 - fits very well
7,1571938019684,24/10/2019 17:26:59,1571938021158,-4,24/10/2019 13:27:01,10365,2,questionnaire-mie5,,3243251,h3e41j7l,899534,,complete,sxojso,,computer,Desktop or Laptop,Windows 10,Chrome 77.0.3865.120,1536x864,1026x727,approve with $2.15 bonus,IPANAT SAMFE,1,words,English_Native,No_Psych,,l_pos,18+,,≥23,≥28,,≤32,ACCEPT,,,,,,,,,,,,,,,,,,,,Responder,,,,,,,,,,,,,,,Continue,,,,,,,,,Orders 1 and 3,order1,,Continue,order3,,,,,,,,,,,,,,,Continue,CDBEAF,Images loaded ok,approve with $2.15 bonus,energetic-quantised,4
8,1571938019684,24/10/2019 17:26:59,1571938021158,-4,24/10/2019 13:27:01,10365,2,questionnaire-mie5,,3243251,h3e41j7l,899534,,complete,sxojso,,computer,Desktop or Laptop,Windows 10,Chrome 77.0.3865.120,1536x864,1026x727,approve with $2.15 bonus,IPANAT SAMFE,1,words,English_Native,No_Psych,,l_pos,18+,,≥23,≥28,,≤32,ACCEPT,,,,,,,,,,,,,,,,,,,,Responder,,,,,,,,,,,,,,,Continue,,,,,,,,,Orders 1 and 3,order1,,Continue,order3,,,,,,,,,,,,,,,Continue,CDBEAF,Images loaded ok,approve with $2.15 bonus,tense,1 - doesn't fit at all
9,1571938019684,24/10/2019 17:26:59,1571938021158,-4,24/10/2019 13:27:01,10365,2,questionnaire-mie5,,3243251,h3e41j7l,899534,,complete,sxojso,,computer,Desktop or Laptop,Windows 10,Chrome 77.0.3865.120,1536x864,1026x727,approve with $2.15 bonus,IPANAT SAMFE,1,words,English_Native,No_Psych,,l_pos,18+,,≥23,≥28,,≤32,ACCEPT,,,,,,,,,,,,,,,,,,,,Responder,,,,,,,,,,,,,,,Continue,,,,,,,,,Orders 1 and 3,order1,,Continue,order3,,,,,,,,,,,,,,,Continue,CDBEAF,Images loaded ok,approve with $2.15 bonus,tense-quantised,1
10,1571938019684,24/10/2019 17:26:59,1571938021159,-4,24/10/2019 13:27:01,10365,2,questionnaire-mie5,,3243251,h3e41j7l,899534,,complete,sxojso,,computer,Desktop or Laptop,Windows 10,Chrome 77.0.3865.120,1536x864,1026x727,approve with $2.15 bonus,IPANAT SAMFE,1,words,English_Native,No_Psych,,l_pos,18+,,≥23,≥28,,≤32,ACCEPT,,,,,,,,,,,,,,,,,,,,Responder,,,,,,,,,,,,,,,Continue,,,,,,,,,Orders 1 and 3,order1,,Continue,order3,,,,,,,,,,,,,,,Continue,CDBEAF,Images loaded ok,approve with $2.15 bonus,cheerful,3 - fits quite well
11,1571938019684,24/10/2019 17:26:59,1571938021159,-4,24/10/2019 13:27:01,10365,2,questionnaire-mie5,,3243251,h3e41j7l,899534,,complete,sxojso,,computer,Desktop or Laptop,Windows 10,Chrome 77.0.3865.120,1536x864,1026x727,approve with $2.15 bonus,IPANAT SAMFE,1,words,English_Native,No_Psych,,l_pos,18+,,≥23,≥28,,≤32,ACCEPT,,,,,,,,,,,,,,,,,,,,Responder,,,,,,,,,,,,,,,Continue,,,,,,,,,Orders 1 and 3,order1,,Continue,order3,,,,,,,,,,,,,,,Continue,CDBEAF,Images loaded ok,approve with $2.15 bonus,cheerful-quantised,3
12,1571938019684,24/10/2019 17:26:59,1571938021160,-4,24/10/2019 13:27:01,10365,2,questionnaire-mie5,,3243251,h3e41j7l,899534,,complete,sxojso,,computer,Desktop or Laptop,Windows 10,Chrome 77.0.3865.120,1536x864,1026x727,approve with $2.15 bonus,IPANAT SAMFE,1,words,English_Native,No_Psych,,l_pos,18+,,≥23,≥28,,≤32,ACCEPT,,,,,,,,,,,,,,,,,,,,Responder,,,,,,,,,,,,,,,Continue,,,,,,,,,Orders 1 and 3,order1,,Continue,order3,,,,,,,,,,,,,,,Continue,CDBEAF,Images loaded ok,approve with $2.15 bonus,inhibited,1 - doesn't fit at all
13,1571938019684,24/10/2019 17:26:59,1571938021161,-4,24/10/2019 13:27:01,10365,2,questionnaire-mie5,,3243251,h3e41j7l,899534,,complete,sxojso,,computer,Desktop or Laptop,Windows 10,Chrome 77.0.3865.120,1536x864,1026x727,approve with $2.15 bonus,IPANAT SAMFE,1,words,English_Native,No_Psych,,l_pos,18+,,≥23,≥28,,≤32,ACCEPT,,,,,,,,,,,,,,,,,,,,Responder,,,,,,,,,,,,,,,Continue,,,,,,,,,Orders 1 and 3,order1,,Continue,order3,,,,,,,,,,,,,,,Continue,CDBEAF,Images loaded ok,approve with $2.15 bonus,inhibited-quantised,1
14,1571938019684,24/10/2019 17:26:59,1571938021161,-4,24/10/2019 13:27:01,10365,2,questionnaire-mie5,,3243251,h3e41j7l,899534,,complete,sxojso,,computer,Desktop or Laptop,Windows 10,Chrome 77.0.3865.120,1536x864,1026x727,approve with $2.15 bonus,IPANAT SAMFE,1,words,English_Native,No_Psych,,l_pos,18+,,≥23,≥28,,≤32,ACCEPT,,,,,,,,,,,,,,,,,,,,Responder,,,,,,,,,,,,,,,Continue,,,,,,,,,Orders 1 and 3,order1,,Continue,order3,,,,,,,,,,,,,,,Continue,CDBEAF,Images loaded ok,approve with $2.15 bonus,END QUESTIONNAIRE,21330
1,1571938471923,24/10/2019 17:34:31,1571938472175,-4,24/10/2019 13:34:32,10365,2,questionnaire-mie5,,3243311,A1GKD3NG1NNHRP,899550,,complete,lxrgpn,,computer,Desktop or Laptop,Windows 10,Chrome 77.0.3865.120,1098x618,1059x492,approve with $2.15 bonus,IPANAT SAMFE,1,words,English_Native,No_Psych,Responder,a_pos,18+,,≥23,≥28,,≥33,,,,,,,ACCEPT,,,,≥38,≥43,≥48,≥53,≥58,≤62,,,,,,,,,Orders 2 and 4,order2,,,,,,,,,,Continue,,Continue,order4,,,,,,,,,,,,,,,,,,,,,,,,,Continue,DECFBA,Images loaded ok,approve with $2.15 bonus,BEGIN QUESTIONNAIRE,
2,1571938479212,24/10/2019 17:34:39,1571938479547,-4,24/10/2019 13:34:39,10365,2,questionnaire-mie5,,3243311,A1GKD3NG1NNHRP,899550,,complete,lxrgpn,,computer,Desktop or Laptop,Windows 10,Chrome 77.0.3865.120,1098x618,1043x492,approve with $2.15 bonus,IPANAT SAMFE,1,words,English_Native,No_Psych,Responder,a_pos,18+,,≥23,≥28,,≥33,,,,,,,ACCEPT,,,,≥38,≥43,≥48,≥53,≥58,≤62,,,,,,,,,Orders 2 and 4,order2,,,,,,,,,,Continue,,Continue,order4,,,,,,,,,,,,,,,,,,,,,,,,,Continue,DECFBA,Images loaded ok,approve with $2.15 bonus,happy,2 - fits somewhat
3,1571938479353,24/10/2019 17:34:39,1571938479548,-4,24/10/2019 13:34:39,10365,2,questionnaire-mie5,,3243311,A1GKD3NG1NNHRP,899550,,complete,lxrgpn,,computer,Desktop or Laptop,Windows 10,Chrome 77.0.3865.120,1098x618,1043x492,approve with $2.15 bonus,IPANAT SAMFE,1,words,English_Native,No_Psych,Responder,a_pos,18+,,≥23,≥28,,≥33,,,,,,,ACCEPT,,,,≥38,≥43,≥48,≥53,≥58,≤62,,,,,,,,,Orders 2 and 4,order2,,,,,,,,,,Continue,,Continue,order4,,,,,,,,,,,,,,,,,,,,,,,,,Continue,DECFBA,Images loaded ok,approve with $2.15 bonus,happy-quantised,2
4,1571938479353,24/10/2019 17:34:39,1571938479548,-4,24/10/2019 13:34:39,10365,2,questionnaire-mie5,,3243311,A1GKD3NG1NNHRP,899550,,complete,lxrgpn,,computer,Desktop or Laptop,Windows 10,Chrome 77.0.3865.120,1098x618,1043x492,approve with $2.15 bonus,IPANAT SAMFE,1,words,English_Native,No_Psych,Responder,a_pos,18+,,≥23,≥28,,≥33,,,,,,,ACCEPT,,,,≥38,≥43,≥48,≥53,≥58,≤62,,,,,,,,,Orders 2 and 4,order2,,,,,,,,,,Continue,,Continue,order4,,,,,,,,,,,,,,,,,,,,,,,,,Continue,DECFBA,Images loaded ok,approve with $2.15 bonus,helpless,1 - doesn't fit at all
5,1571938479353,24/10/2019 17:34:39,1571938479548,-4,24/10/2019 13:34:39,10365,2,questionnaire-mie5,,3243311,A1GKD3NG1NNHRP,899550,,complete,lxrgpn,,computer,Desktop or Laptop,Windows 10,Chrome 77.0.3865.120,1098x618,1043x492,approve with $2.15 bonus,IPANAT SAMFE,1,words,English_Native,No_Psych,Responder,a_pos,18+,,≥23,≥28,,≥33,,,,,,,ACCEPT,,,,≥38,≥43,≥48,≥53,≥58,≤62,,,,,,,,,Orders 2 and 4,order2,,,,,,,,,,Continue,,Continue,order4,,,,,,,,,,,,,,,,,,,,,,,,,Continue,DECFBA,Images loaded ok,approve with $2.15 bonus,helpless-quantised,1
6,1571938479353,24/10/2019 17:34:39,1571938479548,-4,24/10/2019 13:34:39,10365,2,questionnaire-mie5,,3243311,A1GKD3NG1NNHRP,899550,,complete,lxrgpn,,computer,Desktop or Laptop,Windows 10,Chrome 77.0.3865.120,1098x618,1043x492,approve with $2.15 bonus,IPANAT SAMFE,1,words,English_Native,No_Psych,Responder,a_pos,18+,,≥23,≥28,,≥33,,,,,,,ACCEPT,,,,≥38,≥43,≥48,≥53,≥58,≤62,,,,,,,,,Orders 2 and 4,order2,,,,,,,,,,Continue,,Continue,order4,,,,,,,,,,,,,,,,,,,,,,,,,Continue,DECFBA,Images loaded ok,approve with $2.15 bonus,energetic,1 - doesn't fit at all
7,1571938479353,24/10/2019 17:34:39,1571938479548,-4,24/10/2019 13:34:39,10365,2,questionnaire-mie5,,3243311,A1GKD3NG1NNHRP,899550,,complete,lxrgpn,,computer,Desktop or Laptop,Windows 10,Chrome 77.0.3865.120,1098x618,1043x492,approve with $2.15 bonus,IPANAT SAMFE,1,words,English_Native,No_Psych,Responder,a_pos,18+,,≥23,≥28,,≥33,,,,,,,ACCEPT,,,,≥38,≥43,≥48,≥53,≥58,≤62,,,,,,,,,Orders 2 and 4,order2,,,,,,,,,,Continue,,Continue,order4,,,,,,,,,,,,,,,,,,,,,,,,,Continue,DECFBA,Images loaded ok,approve with $2.15 bonus,energetic-quantised,1
8,1571938479353,24/10/2019 17:34:39,1571938479549,-4,24/10/2019 13:34:39,10365,2,questionnaire-mie5,,3243311,A1GKD3NG1NNHRP,899550,,complete,lxrgpn,,computer,Desktop or Laptop,Windows 10,Chrome 77.0.3865.120,1098x618,1043x492,approve with $2.15 bonus,IPANAT SAMFE,1,words,English_Native,No_Psych,Responder,a_pos,18+,,≥23,≥28,,≥33,,,,,,,ACCEPT,,,,≥38,≥43,≥48,≥53,≥58,≤62,,,,,,,,,Orders 2 and 4,order2,,,,,,,,,,Continue,,Continue,order4,,,,,,,,,,,,,,,,,,,,,,,,,Continue,DECFBA,Images loaded ok,approve with $2.15 bonus,END QUESTIONNAIRE,7374
9,1571938479353,24/10/2019 17:34:39,1571938479549,-4,24/10/2019 13:34:39,10365,2,questionnaire-mie5,,3243311,A1GKD3NG1NNHRP,899550,,complete,lxrgpn,,computer,Desktop or Laptop,Windows 10,Chrome 77.0.3865.120,1098x618,1043x492,approve with $2.15 bonus,IPANAT SAMFE,1,words,English_Native,No_Psych,Responder,a_pos,18+,,≥23,≥28,,≥33,,,,,,,ACCEPT,,,,≥38,≥43,≥48,≥53,≥58,≤62,,,,,,,,,Orders 2 and 4,order2,,,,,,,,,,Continue,,Continue,order4,,,,,,,,,,,,,,,,,,,,,,,,,Continue,DECFBA,Images loaded ok,approve with $2.15 bonus,tense-quantised,1
10,1571938479353,24/10/2019 17:34:39,1571938479549,-4,24/10/2019 13:34:39,10365,2,questionnaire-mie5,,3243311,A1GKD3NG1NNHRP,899550,,complete,lxrgpn,,computer,Desktop or Laptop,Windows 10,Chrome 77.0.3865.120,1098x618,1043x492,approve with $2.15 bonus,IPANAT SAMFE,1,words,English_Native,No_Psych,Responder,a_pos,18+,,≥23,≥28,,≥33,,,,,,,ACCEPT,,,,≥38,≥43,≥48,≥53,≥58,≤62,,,,,,,,,Orders 2 and 4,order2,,,,,,,,,,Continue,,Continue,order4,,,,,,,,,,,,,,,,,,,,,,,,,Continue,DECFBA,Images loaded ok,approve with $2.15 bonus,cheerful,2 - fits somewhat
11,1571938479353,24/10/2019 17:34:39,1571938479549,-4,24/10/2019 13:34:39,10365,2,questionnaire-mie5,,3243311,A1GKD3NG1NNHRP,899550,,complete,lxrgpn,,computer,Desktop or Laptop,Windows 10,Chrome 77.0.3865.120,1098x618,1043x492,approve with $2.15 bonus,IPANAT SAMFE,1,words,English_Native,No_Psych,Responder,a_pos,18+,,≥23,≥28,,≥33,,,,,,,ACCEPT,,,,≥38,≥43,≥48,≥53,≥58,≤62,,,,,,,,,Orders 2 and 4,order2,,,,,,,,,,Continue,,Continue,order4,,,,,,,,,,,,,,,,,,,,,,,,,Continue,DECFBA,Images loaded ok,approve with $2.15 bonus,cheerful-quantised,2
12,1571938479353,24/10/2019 17:34:39,1571938479549,-4,24/10/2019 13:34:39,10365,2,questionnaire-mie5,,3243311,A1GKD3NG1NNHRP,899550,,complete,lxrgpn,,computer,Desktop or Laptop,Windows 10,Chrome 77.0.3865.120,1098x618,1043x492,approve with $2.15 bonus,IPANAT SAMFE,1,words,English_Native,No_Psych,Responder,a_pos,18+,,≥23,≥28,,≥33,,,,,,,ACCEPT,,,,≥38,≥43,≥48,≥53,≥58,≤62,,,,,,,,,Orders 2 and 4,order2,,,,,,,,,,Continue,,Continue,order4,,,,,,,,,,,,,,,,,,,,,,,,,Continue,DECFBA,Images loaded ok,approve with $2.15 bonus,inhibited,1 - doesn't fit at all
13,1571938479353,24/10/2019 17:34:39,1571938479549,-4,24/10/2019 13:34:39,10365,2,questionnaire-mie5,,3243311,A1GKD3NG1NNHRP,899550,,complete,lxrgpn,,computer,Desktop or Laptop,Windows 10,Chrome 77.0.3865.120,1098x618,1043x492,approve with $2.15 bonus,IPANAT SAMFE,1,words,English_Native,No_Psych,Responder,a_pos,18+,,≥23,≥28,,≥33,,,,,,,ACCEPT,,,,≥38,≥43,≥48,≥53,≥58,≤62,,,,,,,,,Orders 2 and 4,order2,,,,,,,,,,Continue,,Continue,order4,,,,,,,,,,,,,,,,,,,,,,,,,Continue,DECFBA,Images loaded ok,approve with $2.15 bonus,inhibited-quantised,1
14,1571938479353,24/10/2019 17:34:39,1571938479549,-4,24/10/2019 13:34:39,10365,2,questionnaire-mie5,,3243311,A1GKD3NG1NNHRP,899550,,complete,lxrgpn,,computer,Desktop or Laptop,Windows 10,Chrome 77.0.3865.120,1098x618,1043x492,approve with $2.15 bonus,IPANAT SAMFE,1,words,English_Native,No_Psych,Responder,a_pos,18+,,≥23,≥28,,≥33,,,,,,,ACCEPT,,,,≥38,≥43,≥48,≥53,≥58,≤62,,,,,,,,,Orders 2 and 4,order2,,,,,,,,,,Continue,,Continue,order4,,,,,,,,,,,,,,,,,,,,,,,,,Continue,DECFBA,Images loaded ok,approve with $2.15 bonus,tense,1 - doesn't fit at all
1,1571938754323,24/10/2019 17:39:14,1571938755279,-5,24/10/2019 12:39:15,10365,2,questionnaire-mie5,,3243362,A3FAQHVPI8OUP0,899555,,complete,oqizwe,,computer,Desktop or Laptop,Windows 10,Firefox 70.0,1920x1080,1920x938,approve with $2.15 bonus,IPANAT SAMFE,1,words,English_Native,No_Psych,,l_pos,18+,,≥23,≥28,,≥33,,,,,,,,,ACCEPT,,≥38,≥43,≥48,≥53,≥58,≥63,≥68,≤72,,,Responder,,,,,,,,,,,,,,,Continue,,,,,,,,,Orders 11 and 12,,,,,,,,,,,order12,,,,order12,,,Continue,Continue,EFDACB,Images loaded ok,approve with $2.15 bonus,BEGIN QUESTIONNAIRE,
2,1571938775774,24/10/2019 17:39:35,1571938776796,-5,24/10/2019 12:39:36,10365,2,questionnaire-mie5,,3243362,A3FAQHVPI8OUP0,899555,,complete,oqizwe,,computer,Desktop or Laptop,Windows 10,Firefox 70.0,1920x1080,1903x938,approve with $2.15 bonus,IPANAT SAMFE,1,words,English_Native,No_Psych,,l_pos,18+,,≥23,≥28,,≥33,,,,,,,,,ACCEPT,,≥38,≥43,≥48,≥53,≥58,≥63,≥68,≤72,,,Responder,,,,,,,,,,,,,,,Continue,,,,,,,,,Orders 11 and 12,,,,,,,,,,,order12,,,,order12,,,Continue,Continue,EFDACB,Images loaded ok,approve with $2.15 bonus,happy,3 - fits quite well
3,1571938775962,24/10/2019 17:39:35,1571938776804,-5,24/10/2019 12:39:36,10365,2,questionnaire-mie5,,3243362,A3FAQHVPI8OUP0,899555,,complete,oqizwe,,computer,Desktop or Laptop,Windows 10,Firefox 70.0,1920x1080,1903x938,approve with $2.15 bonus,IPANAT SAMFE,1,words,English_Native,No_Psych,,l_pos,18+,,≥23,≥28,,≥33,,,,,,,,,ACCEPT,,≥38,≥43,≥48,≥53,≥58,≥63,≥68,≤72,,,Responder,,,,,,,,,,,,,,,Continue,,,,,,,,,Orders 11 and 12,,,,,,,,,,,order12,,,,order12,,,Continue,Continue,EFDACB,Images loaded ok,approve with $2.15 bonus,happy-quantised,3
4,1571938775962,24/10/2019 17:39:35,1571938776805,-5,24/10/2019 12:39:36,10365,2,questionnaire-mie5,,3243362,A3FAQHVPI8OUP0,899555,,complete,oqizwe,,computer,Desktop or Laptop,Windows 10,Firefox 70.0,1920x1080,1903x938,approve with $2.15 bonus,IPANAT SAMFE,1,words,English_Native,No_Psych,,l_pos,18+,,≥23,≥28,,≥33,,,,,,,,,ACCEPT,,≥38,≥43,≥48,≥53,≥58,≥63,≥68,≤72,,,Responder,,,,,,,,,,,,,,,Continue,,,,,,,,,Orders 11 and 12,,,,,,,,,,,order12,,,,order12,,,Continue,Continue,EFDACB,Images loaded ok,approve with $2.15 bonus,helpless,1 - doesn't fit at all
5,1571938775962,24/10/2019 17:39:35,1571938776805,-5,24/10/2019 12:39:36,10365,2,questionnaire-mie5,,3243362,A3FAQHVPI8OUP0,899555,,complete,oqizwe,,computer,Desktop or Laptop,Windows 10,Firefox 70.0,1920x1080,1903x938,approve with $2.15 bonus,IPANAT SAMFE,1,words,English_Native,No_Psych,,l_pos,18+,,≥23,≥28,,≥33,,,,,,,,,ACCEPT,,≥38,≥43,≥48,≥53,≥58,≥63,≥68,≤72,,,Responder,,,,,,,,,,,,,,,Continue,,,,,,,,,Orders 11 and 12,,,,,,,,,,,order12,,,,order12,,,Continue,Continue,EFDACB,Images loaded ok,approve with $2.15 bonus,helpless-quantised,1
6,1571938775962,24/10/2019 17:39:35,1571938776806,-5,24/10/2019 12:39:36,10365,2,questionnaire-mie5,,3243362,A3FAQHVPI8OUP0,899555,,complete,oqizwe,,computer,Desktop or Laptop,Windows 10,Firefox 70.0,1920x1080,1903x938,approve with $2.15 bonus,IPANAT SAMFE,1,words,English_Native,No_Psych,,l_pos,18+,,≥23,≥28,,≥33,,,,,,,,,ACCEPT,,≥38,≥43,≥48,≥53,≥58,≥63,≥68,≤72,,,Responder,,,,,,,,,,,,,,,Continue,,,,,,,,,Orders 11 and 12,,,,,,,,,,,order12,,,,order12,,,Continue,Continue,EFDACB,Images loaded ok,approve with $2.15 bonus,energetic,3 - fits quite well
7,1571938775962,24/10/2019 17:39:35,1571938776807,-5,24/10/2019 12:39:36,10365,2,questionnaire-mie5,,3243362,A3FAQHVPI8OUP0,899555,,complete,oqizwe,,computer,Desktop or Laptop,Windows 10,Firefox 70.0,1920x1080,1903x938,approve with $2.15 bonus,IPANAT SAMFE,1,words,English_Native,No_Psych,,l_pos,18+,,≥23,≥28,,≥33,,,,,,,,,ACCEPT,,≥38,≥43,≥48,≥53,≥58,≥63,≥68,≤72,,,Responder,,,,,,,,,,,,,,,Continue,,,,,,,,,Orders 11 and 12,,,,,,,,,,,order12,,,,order12,,,Continue,Continue,EFDACB,Images loaded ok,approve with $2.15 bonus,energetic-quantised,3
8,1571938775962,24/10/2019 17:39:35,1571938776807,-5,24/10/2019 12:39:36,10365,2,questionnaire-mie5,,3243362,A3FAQHVPI8OUP0,899555,,complete,oqizwe,,computer,Desktop or Laptop,Windows 10,Firefox 70.0,1920x1080,1903x938,approve with $2.15 bonus,IPANAT SAMFE,1,words,English_Native,No_Psych,,l_pos,18+,,≥23,≥28,,≥33,,,,,,,,,ACCEPT,,≥38,≥43,≥48,≥53,≥58,≥63,≥68,≤72,,,Responder,,,,,,,,,,,,,,,Continue,,,,,,,,,Orders 11 and 12,,,,,,,,,,,order12,,,,order12,,,Continue,Continue,EFDACB,Images loaded ok,approve with $2.15 bonus,tense,1 - doesn't fit at all
9,1571938775962,24/10/2019 17:39:35,1571938776808,-5,24/10/2019 12:39:36,10365,2,questionnaire-mie5,,3243362,A3FAQHVPI8OUP0,899555,,complete,oqizwe,,computer,Desktop or Laptop,Windows 10,Firefox 70.0,1920x1080,1903x938,approve with $2.15 bonus,IPANAT SAMFE,1,words,English_Native,No_Psych,,l_pos,18+,,≥23,≥28,,≥33,,,,,,,,,ACCEPT,,≥38,≥43,≥48,≥53,≥58,≥63,≥68,≤72,,,Responder,,,,,,,,,,,,,,,Continue,,,,,,,,,Orders 11 and 12,,,,,,,,,,,order12,,,,order12,,,Continue,Continue,EFDACB,Images loaded ok,approve with $2.15 bonus,tense-quantised,1
10,1571938775962,24/10/2019 17:39:35,1571938776809,-5,24/10/2019 12:39:36,10365,2,questionnaire-mie5,,3243362,A3FAQHVPI8OUP0,899555,,complete,oqizwe,,computer,Desktop or Laptop,Windows 10,Firefox 70.0,1920x1080,1903x938,approve with $2.15 bonus,IPANAT SAMFE,1,words,English_Native,No_Psych,,l_pos,18+,,≥23,≥28,,≥33,,,,,,,,,ACCEPT,,≥38,≥43,≥48,≥53,≥58,≥63,≥68,≤72,,,Responder,,,,,,,,,,,,,,,Continue,,,,,,,,,Orders 11 and 12,,,,,,,,,,,order12,,,,order12,,,Continue,Continue,EFDACB,Images loaded ok,approve with $2.15 bonus,cheerful,4 - fits very well
11,1571938775962,24/10/2019 17:39:35,1571938776810,-5,24/10/2019 12:39:36,10365,2,questionnaire-mie5,,3243362,A3FAQHVPI8OUP0,899555,,complete,oqizwe,,computer,Desktop or Laptop,Windows 10,Firefox 70.0,1920x1080,1903x938,approve with $2.15 bonus,IPANAT SAMFE,1,words,English_Native,No_Psych,,l_pos,18+,,≥23,≥28,,≥33,,,,,,,,,ACCEPT,,≥38,≥43,≥48,≥53,≥58,≥63,≥68,≤72,,,Responder,,,,,,,,,,,,,,,Continue,,,,,,,,,Orders 11 and 12,,,,,,,,,,,order12,,,,order12,,,Continue,Continue,EFDACB,Images loaded ok,approve with $2.15 bonus,cheerful-quantised,4
12,1571938775962,24/10/2019 17:39:35,1571938776811,-5,24/10/2019 12:39:36,10365,2,questionnaire-mie5,,3243362,A3FAQHVPI8OUP0,899555,,complete,oqizwe,,computer,Desktop or Laptop,Windows 10,Firefox 70.0,1920x1080,1903x938,approve with $2.15 bonus,IPANAT SAMFE,1,words,English_Native,No_Psych,,l_pos,18+,,≥23,≥28,,≥33,,,,,,,,,ACCEPT,,≥38,≥43,≥48,≥53,≥58,≥63,≥68,≤72,,,Responder,,,,,,,,,,,,,,,Continue,,,,,,,,,Orders 11 and 12,,,,,,,,,,,order12,,,,order12,,,Continue,Continue,EFDACB,Images loaded ok,approve with $2.15 bonus,inhibited,2 - fits somewhat
13,1571938775962,24/10/2019 17:39:35,1571938776812,-5,24/10/2019 12:39:36,10365,2,questionnaire-mie5,,3243362,A3FAQHVPI8OUP0,899555,,complete,oqizwe,,computer,Desktop or Laptop,Windows 10,Firefox 70.0,1920x1080,1903x938,approve with $2.15 bonus,IPANAT SAMFE,1,words,English_Native,No_Psych,,l_pos,18+,,≥23,≥28,,≥33,,,,,,,,,ACCEPT,,≥38,≥43,≥48,≥53,≥58,≥63,≥68,≤72,,,Responder,,,,,,,,,,,,,,,Continue,,,,,,,,,Orders 11 and 12,,,,,,,,,,,order12,,,,order12,,,Continue,Continue,EFDACB,Images loaded ok,approve with $2.15 bonus,inhibited-quantised,2
14,1571938775962,24/10/2019 17:39:35,1571938776813,-5,24/10/2019 12:39:36,10365,2,questionnaire-mie5,,3243362,A3FAQHVPI8OUP0,899555,,complete,oqizwe,,computer,Desktop or Laptop,Windows 10,Firefox 70.0,1920x1080,1903x938,approve with $2.15 bonus,IPANAT SAMFE,1,words,English_Native,No_Psych,,l_pos,18+,,≥23,≥28,,≥33,,,,,,,,,ACCEPT,,≥38,≥43,≥48,≥53,≥58,≥63,≥68,≤72,,,Responder,,,,,,,,,,,,,,,Continue,,,,,,,,,Orders 11 and 12,,,,,,,,,,,order12,,,,order12,,,Continue,Continue,EFDACB,Images loaded ok,approve with $2.15 bonus,END QUESTIONNAIRE,21534
1,1571940011988,24/10/2019 18:00:11,1571940008725,-4,24/10/2019 14:00:08,10365,2,questionnaire-mie5,,3243617,A354Y93R6A188M,899900,,complete,dbcprm,,computer,Desktop or Laptop,Mac OS 10.12.6,Chrome 76.0.3809.132,1680x1050,1065x685,approve with $2.15 bonus,IPANAT SAMFE,1,words,English_Native,No_Psych,Responder,a_pos,18+,,≥23,≤27,ACCEPT,,,,,,,,,,,,,,,,,,,,,,,,,,Orders 5 and 6,,order6,,,,,,,,,Continue,,,,order6,,,Continue,,,,,,,,,,,,,,,,,,,,,Continue,FAEBDC,Images loaded ok,approve with $2.15 bonus,BEGIN QUESTIONNAIRE,
2,1571940021715,24/10/2019 18:00:21,1571940018490,-4,24/10/2019 14:00:18,10365,2,questionnaire-mie5,,3243617,A354Y93R6A188M,899900,,complete,dbcprm,,computer,Desktop or Laptop,Mac OS 10.12.6,Chrome 76.0.3809.132,1680x1050,1065x685,approve with $2.15 bonus,IPANAT SAMFE,1,words,English_Native,No_Psych,Responder,a_pos,18+,,≥23,≤27,ACCEPT,,,,,,,,,,,,,,,,,,,,,,,,,,Orders 5 and 6,,order6,,,,,,,,,Continue,,,,order6,,,Continue,,,,,,,,,,,,,,,,,,,,,Continue,FAEBDC,Images loaded ok,approve with $2.15 bonus,happy,1 - doesn't fit at all
3,1571940022091,24/10/2019 18:00:22,1571940018491,-4,24/10/2019 14:00:18,10365,2,questionnaire-mie5,,3243617,A354Y93R6A188M,899900,,complete,dbcprm,,computer,Desktop or Laptop,Mac OS 10.12.6,Chrome 76.0.3809.132,1680x1050,1065x685,approve with $2.15 bonus,IPANAT SAMFE,1,words,English_Native,No_Psych,Responder,a_pos,18+,,≥23,≤27,ACCEPT,,,,,,,,,,,,,,,,,,,,,,,,,,Orders 5 and 6,,order6,,,,,,,,,Continue,,,,order6,,,Continue,,,,,,,,,,,,,,,,,,,,,Continue,FAEBDC,Images loaded ok,approve with $2.15 bonus,happy-quantised,1
4,1571940022091,24/10/2019 18:00:22,1571940018491,-4,24/10/2019 14:00:18,10365,2,questionnaire-mie5,,3243617,A354Y93R6A188M,899900,,complete,dbcprm,,computer,Desktop or Laptop,Mac OS 10.12.6,Chrome 76.0.3809.132,1680x1050,1065x685,approve with $2.15 bonus,IPANAT SAMFE,1,words,English_Native,No_Psych,Responder,a_pos,18+,,≥23,≤27,ACCEPT,,,,,,,,,,,,,,,,,,,,,,,,,,Orders 5 and 6,,order6,,,,,,,,,Continue,,,,order6,,,Continue,,,,,,,,,,,,,,,,,,,,,Continue,FAEBDC,Images loaded ok,approve with $2.15 bonus,helpless,1 - doesn't fit at all
5,1571940022091,24/10/2019 18:00:22,1571940018491,-4,24/10/2019 14:00:18,10365,2,questionnaire-mie5,,3243617,A354Y93R6A188M,899900,,complete,dbcprm,,computer,Desktop or Laptop,Mac OS 10.12.6,Chrome 76.0.3809.132,1680x1050,1065x685,approve with $2.15 bonus,IPANAT SAMFE,1,words,English_Native,No_Psych,Responder,a_pos,18+,,≥23,≤27,ACCEPT,,,,,,,,,,,,,,,,,,,,,,,,,,Orders 5 and 6,,order6,,,,,,,,,Continue,,,,order6,,,Continue,,,,,,,,,,,,,,,,,,,,,Continue,FAEBDC,Images loaded ok,approve with $2.15 bonus,helpless-quantised,1
6,1571940022091,24/10/2019 18:00:22,1571940018492,-4,24/10/2019 14:00:18,10365,2,questionnaire-mie5,,3243617,A354Y93R6A188M,899900,,complete,dbcprm,,computer,Desktop or Laptop,Mac OS 10.12.6,Chrome 76.0.3809.132,1680x1050,1065x685,approve with $2.15 bonus,IPANAT SAMFE,1,words,English_Native,No_Psych,Responder,a_pos,18+,,≥23,≤27,ACCEPT,,,,,,,,,,,,,,,,,,,,,,,,,,Orders 5 and 6,,order6,,,,,,,,,Continue,,,,order6,,,Continue,,,,,,,,,,,,,,,,,,,,,Continue,FAEBDC,Images loaded ok,approve with $2.15 bonus,energetic,1 - doesn't fit at all
7,1571940022091,24/10/2019 18:00:22,1571940018492,-4,24/10/2019 14:00:18,10365,2,questionnaire-mie5,,3243617,A354Y93R6A188M,899900,,complete,dbcprm,,computer,Desktop or Laptop,Mac OS 10.12.6,Chrome 76.0.3809.132,1680x1050,1065x685,approve with $2.15 bonus,IPANAT SAMFE,1,words,English_Native,No_Psych,Responder,a_pos,18+,,≥23,≤27,ACCEPT,,,,,,,,,,,,,,,,,,,,,,,,,,Orders 5 and 6,,order6,,,,,,,,,Continue,,,,order6,,,Continue,,,,,,,,,,,,,,,,,,,,,Continue,FAEBDC,Images loaded ok,approve with $2.15 bonus,energetic-quantised,1
8,1571940022091,24/10/2019 18:00:22,1571940018492,-4,24/10/2019 14:00:18,10365,2,questionnaire-mie5,,3243617,A354Y93R6A188M,899900,,complete,dbcprm,,computer,Desktop or Laptop,Mac OS 10.12.6,Chrome 76.0.3809.132,1680x1050,1065x685,approve with $2.15 bonus,IPANAT SAMFE,1,words,English_Native,No_Psych,Responder,a_pos,18+,,≥23,≤27,ACCEPT,,,,,,,,,,,,,,,,,,,,,,,,,,Orders 5 and 6,,order6,,,,,,,,,Continue,,,,order6,,,Continue,,,,,,,,,,,,,,,,,,,,,Continue,FAEBDC,Images loaded ok,approve with $2.15 bonus,END QUESTIONNAIRE,9767
9,1571940022091,24/10/2019 18:00:22,1571940018492,-4,24/10/2019 14:00:18,10365,2,questionnaire-mie5,,3243617,A354Y93R6A188M,899900,,complete,dbcprm,,computer,Desktop or Laptop,Mac OS 10.12.6,Chrome 76.0.3809.132,1680x1050,1065x685,approve with $2.15 bonus,IPANAT SAMFE,1,words,English_Native,No_Psych,Responder,a_pos,18+,,≥23,≤27,ACCEPT,,,,,,,,,,,,,,,,,,,,,,,,,,Orders 5 and 6,,order6,,,,,,,,,Continue,,,,order6,,,Continue,,,,,,,,,,,,,,,,,,,,,Continue,FAEBDC,Images loaded ok,approve with $2.15 bonus,tense-quantised,2
10,1571940022091,24/10/2019 18:00:22,1571940018492,-4,24/10/2019 14:00:18,10365,2,questionnaire-mie5,,3243617,A354Y93R6A188M,899900,,complete,dbcprm,,computer,Desktop or Laptop,Mac OS 10.12.6,Chrome 76.0.3809.132,1680x1050,1065x685,approve with $2.15 bonus,IPANAT SAMFE,1,words,English_Native,No_Psych,Responder,a_pos,18+,,≥23,≤27,ACCEPT,,,,,,,,,,,,,,,,,,,,,,,,,,Orders 5 and 6,,order6,,,,,,,,,Continue,,,,order6,,,Continue,,,,,,,,,,,,,,,,,,,,,Continue,FAEBDC,Images loaded ok,approve with $2.15 bonus,cheerful,1 - doesn't fit at all
11,1571940022091,24/10/2019 18:00:22,1571940018492,-4,24/10/2019 14:00:18,10365,2,questionnaire-mie5,,3243617,A354Y93R6A188M,899900,,complete,dbcprm,,computer,Desktop or Laptop,Mac OS 10.12.6,Chrome 76.0.3809.132,1680x1050,1065x685,approve with $2.15 bonus,IPANAT SAMFE,1,words,English_Native,No_Psych,Responder,a_pos,18+,,≥23,≤27,ACCEPT,,,,,,,,,,,,,,,,,,,,,,,,,,Orders 5 and 6,,order6,,,,,,,,,Continue,,,,order6,,,Continue,,,,,,,,,,,,,,,,,,,,,Continue,FAEBDC,Images loaded ok,approve with $2.15 bonus,cheerful-quantised,1
12,1571940022091,24/10/2019 18:00:22,1571940018492,-4,24/10/2019 14:00:18,10365,2,questionnaire-mie5,,3243617,A354Y93R6A188M,899900,,complete,dbcprm,,computer,Desktop or Laptop,Mac OS 10.12.6,Chrome 76.0.3809.132,1680x1050,1065x685,approve with $2.15 bonus,IPANAT SAMFE,1,words,English_Native,No_Psych,Responder,a_pos,18+,,≥23,≤27,ACCEPT,,,,,,,,,,,,,,,,,,,,,,,,,,Orders 5 and 6,,order6,,,,,,,,,Continue,,,,order6,,,Continue,,,,,,,,,,,,,,,,,,,,,Continue,FAEBDC,Images loaded ok,approve with $2.15 bonus,inhibited,2 - fits somewhat
13,1571940022091,24/10/2019 18:00:22,1571940018492,-4,24/10/2019 14:00:18,10365,2,questionnaire-mie5,,3243617,A354Y93R6A188M,899900,,complete,dbcprm,,computer,Desktop or Laptop,Mac OS 10.12.6,Chrome 76.0.3809.132,1680x1050,1065x685,approve with $2.15 bonus,IPANAT SAMFE,1,words,English_Native,No_Psych,Responder,a_pos,18+,,≥23,≤27,ACCEPT,,,,,,,,,,,,,,,,,,,,,,,,,,Orders 5 and 6,,order6,,,,,,,,,Continue,,,,order6,,,Continue,,,,,,,,,,,,,,,,,,,,,Continue,FAEBDC,Images loaded ok,approve with $2.15 bonus,inhibited-quantised,2
14,1571940022091,24/10/2019 18:00:22,1571940018492,-4,24/10/2019 14:00:18,10365,2,questionnaire-mie5,,3243617,A354Y93R6A188M,899900,,complete,dbcprm,,computer,Desktop or Laptop,Mac OS 10.12.6,Chrome 76.0.3809.132,1680x1050,1065x685,approve with $2.15 bonus,IPANAT SAMFE,1,words,English_Native,No_Psych,Responder,a_pos,18+,,≥23,≤27,ACCEPT,,,,,,,,,,,,,,,,,,,,,,,,,,Orders 5 and 6,,order6,,,,,,,,,Continue,,,,order6,,,Continue,,,,,,,,,,,,,,,,,,,,,Continue,FAEBDC,Images loaded ok,approve with $2.15 bonus,tense,2 - fits somewhat
1,1571940834272,24/10/2019 18:13:54,1571940835232,-4,24/10/2019 14:13:55,10365,2,questionnaire-mie5,,3243771,AYYSG3O9FNU15,899906,,complete,rxglnt,,computer,Desktop or Laptop,Windows 10,Chrome 77.0.3865.120,1920x1080,1920x937,approve with $2.15 bonus,IPANAT SAMFE,1,words,English_Native,No_Psych,,l_pos,18+,,≥23,≥28,,≥33,,ACCEPT,,,,,,,,,≤37,,,,,,,,,,Responder,,,,,,,,,,,,,,,Continue,,,,,,,,,Orders 2 and 4,,order2,,,Continue,order4,,,,,,,,,,,,,Continue,ABFCED,Images loaded ok,approve with $2.15 bonus,BEGIN QUESTIONNAIRE,
2,1571940892300,24/10/2019 18:14:52,1571940893215,-4,24/10/2019 14:14:53,10365,2,questionnaire-mie5,,3243771,AYYSG3O9FNU15,899906,,complete,rxglnt,,computer,Desktop or Laptop,Windows 10,Chrome 77.0.3865.120,1920x1080,1903x937,approve with $2.15 bonus,IPANAT SAMFE,1,words,English_Native,No_Psych,,l_pos,18+,,≥23,≥28,,≥33,,ACCEPT,,,,,,,,,≤37,,,,,,,,,,Responder,,,,,,,,,,,,,,,Continue,,,,,,,,,Orders 2 and 4,,order2,,,Continue,order4,,,,,,,,,,,,,Continue,ABFCED,Images loaded ok,approve with $2.15 bonus,happy,1 - doesn't fit at all
3,1571940892972,24/10/2019 18:14:52,1571940893217,-4,24/10/2019 14:14:53,10365,2,questionnaire-mie5,,3243771,AYYSG3O9FNU15,899906,,complete,rxglnt,,computer,Desktop or Laptop,Windows 10,Chrome 77.0.3865.120,1920x1080,1903x937,approve with $2.15 bonus,IPANAT SAMFE,1,words,English_Native,No_Psych,,l_pos,18+,,≥23,≥28,,≥33,,ACCEPT,,,,,,,,,≤37,,,,,,,,,,Responder,,,,,,,,,,,,,,,Continue,,,,,,,,,Orders 2 and 4,,order2,,,Continue,order4,,,,,,,,,,,,,Continue,ABFCED,Images loaded ok,approve with $2.15 bonus,happy-quantised,1
4,1571940892972,24/10/2019 18:14:52,1571940893217,-4,24/10/2019 14:14:53,10365,2,questionnaire-mie5,,3243771,AYYSG3O9FNU15,899906,,complete,rxglnt,,computer,Desktop or Laptop,Windows 10,Chrome 77.0.3865.120,1920x1080,1903x937,approve with $2.15 bonus,IPANAT SAMFE,1,words,English_Native,No_Psych,,l_pos,18+,,≥23,≥28,,≥33,,ACCEPT,,,,,,,,,≤37,,,,,,,,,,Responder,,,,,,,,,,,,,,,Continue,,,,,,,,,Orders 2 and 4,,order2,,,Continue,order4,,,,,,,,,,,,,Continue,ABFCED,Images loaded ok,approve with $2.15 bonus,helpless,3 - fits quite well
5,1571940892972,24/10/2019 18:14:52,1571940893217,-4,24/10/2019 14:14:53,10365,2,questionnaire-mie5,,3243771,AYYSG3O9FNU15,899906,,complete,rxglnt,,computer,Desktop or Laptop,Windows 10,Chrome 77.0.3865.120,1920x1080,1903x937,approve with $2.15 bonus,IPANAT SAMFE,1,words,English_Native,No_Psych,,l_pos,18+,,≥23,≥28,,≥33,,ACCEPT,,,,,,,,,≤37,,,,,,,,,,Responder,,,,,,,,,,,,,,,Continue,,,,,,,,,Orders 2 and 4,,order2,,,Continue,order4,,,,,,,,,,,,,Continue,ABFCED,Images loaded ok,approve with $2.15 bonus,helpless-quantised,3
6,1571940892972,24/10/2019 18:14:52,1571940893218,-4,24/10/2019 14:14:53,10365,2,questionnaire-mie5,,3243771,AYYSG3O9FNU15,899906,,complete,rxglnt,,computer,Desktop or Laptop,Windows 10,Chrome 77.0.3865.120,1920x1080,1903x937,approve with $2.15 bonus,IPANAT SAMFE,1,words,English_Native,No_Psych,,l_pos,18+,,≥23,≥28,,≥33,,ACCEPT,,,,,,,,,≤37,,,,,,,,,,Responder,,,,,,,,,,,,,,,Continue,,,,,,,,,Orders 2 and 4,,order2,,,Continue,order4,,,,,,,,,,,,,Continue,ABFCED,Images loaded ok,approve with $2.15 bonus,energetic,1 - doesn't fit at all
7,1571940892972,24/10/2019 18:14:52,1571940893218,-4,24/10/2019 14:14:53,10365,2,questionnaire-mie5,,3243771,AYYSG3O9FNU15,899906,,complete,rxglnt,,computer,Desktop or Laptop,Windows 10,Chrome 77.0.3865.120,1920x1080,1903x937,approve with $2.15 bonus,IPANAT SAMFE,1,words,English_Native,No_Psych,,l_pos,18+,,≥23,≥28,,≥33,,ACCEPT,,,,,,,,,≤37,,,,,,,,,,Responder,,,,,,,,,,,,,,,Continue,,,,,,,,,Orders 2 and 4,,order2,,,Continue,order4,,,,,,,,,,,,,Continue,ABFCED,Images loaded ok,approve with $2.15 bonus,energetic-quantised,1
8,1571940892972,24/10/2019 18:14:52,1571940893218,-4,24/10/2019 14:14:53,10365,2,questionnaire-mie5,,3243771,AYYSG3O9FNU15,899906,,complete,rxglnt,,computer,Desktop or Laptop,Windows 10,Chrome 77.0.3865.120,1920x1080,1903x937,approve with $2.15 bonus,IPANAT SAMFE,1,words,English_Native,No_Psych,,l_pos,18+,,≥23,≥28,,≥33,,ACCEPT,,,,,,,,,≤37,,,,,,,,,,Responder,,,,,,,,,,,,,,,Continue,,,,,,,,,Orders 2 and 4,,order2,,,Continue,order4,,,,,,,,,,,,,Continue,ABFCED,Images loaded ok,approve with $2.15 bonus,tense,4 - fits very well
9,1571940892972,24/10/2019 18:14:52,1571940893218,-4,24/10/2019 14:14:53,10365,2,questionnaire-mie5,,3243771,AYYSG3O9FNU15,899906,,complete,rxglnt,,computer,Desktop or Laptop,Windows 10,Chrome 77.0.3865.120,1920x1080,1903x937,approve with $2.15 bonus,IPANAT SAMFE,1,words,English_Native,No_Psych,,l_pos,18+,,≥23,≥28,,≥33,,ACCEPT,,,,,,,,,≤37,,,,,,,,,,Responder,,,,,,,,,,,,,,,Continue,,,,,,,,,Orders 2 and 4,,order2,,,Continue,order4,,,,,,,,,,,,,Continue,ABFCED,Images loaded ok,approve with $2.15 bonus,tense-quantised,4
10,1571940892972,24/10/2019 18:14:52,1571940893218,-4,24/10/2019 14:14:53,10365,2,questionnaire-mie5,,3243771,AYYSG3O9FNU15,899906,,complete,rxglnt,,computer,Desktop or Laptop,Windows 10,Chrome 77.0.3865.120,1920x1080,1903x937,approve with $2.15 bonus,IPANAT SAMFE,1,words,English_Native,No_Psych,,l_pos,18+,,≥23,≥28,,≥33,,ACCEPT,,,,,,,,,≤37,,,,,,,,,,Responder,,,,,,,,,,,,,,,Continue,,,,,,,,,Orders 2 and 4,,order2,,,Continue,order4,,,,,,,,,,,,,Continue,ABFCED,Images loaded ok,approve with $2.15 bonus,cheerful,1 - doesn't fit at all
11,1571940892972,24/10/2019 18:14:52,1571940893218,-4,24/10/2019 14:14:53,10365,2,questionnaire-mie5,,3243771,AYYSG3O9FNU15,899906,,complete,rxglnt,,computer,Desktop or Laptop,Windows 10,Chrome 77.0.3865.120,1920x1080,1903x937,approve with $2.15 bonus,IPANAT SAMFE,1,words,English_Native,No_Psych,,l_pos,18+,,≥23,≥28,,≥33,,ACCEPT,,,,,,,,,≤37,,,,,,,,,,Responder,,,,,,,,,,,,,,,Continue,,,,,,,,,Orders 2 and 4,,order2,,,Continue,order4,,,,,,,,,,,,,Continue,ABFCED,Images loaded ok,approve with $2.15 bonus,cheerful-quantised,1
12,1571940892972,24/10/2019 18:14:52,1571940893218,-4,24/10/2019 14:14:53,10365,2,questionnaire-mie5,,3243771,AYYSG3O9FNU15,899906,,complete,rxglnt,,computer,Desktop or Laptop,Windows 10,Chrome 77.0.3865.120,1920x1080,1903x937,approve with $2.15 bonus,IPANAT SAMFE,1,words,English_Native,No_Psych,,l_pos,18+,,≥23,≥28,,≥33,,ACCEPT,,,,,,,,,≤37,,,,,,,,,,Responder,,,,,,,,,,,,,,,Continue,,,,,,,,,Orders 2 and 4,,order2,,,Continue,order4,,,,,,,,,,,,,Continue,ABFCED,Images loaded ok,approve with $2.15 bonus,inhibited,4 - fits very well
13,1571940892972,24/10/2019 18:14:52,1571940893219,-4,24/10/2019 14:14:53,10365,2,questionnaire-mie5,,3243771,AYYSG3O9FNU15,899906,,complete,rxglnt,,computer,Desktop or Laptop,Windows 10,Chrome 77.0.3865.120,1920x1080,1903x937,approve with $2.15 bonus,IPANAT SAMFE,1,words,English_Native,No_Psych,,l_pos,18+,,≥23,≥28,,≥33,,ACCEPT,,,,,,,,,≤37,,,,,,,,,,Responder,,,,,,,,,,,,,,,Continue,,,,,,,,,Orders 2 and 4,,order2,,,Continue,order4,,,,,,,,,,,,,Continue,ABFCED,Images loaded ok,approve with $2.15 bonus,inhibited-quantised,4
14,1571940892972,24/10/2019 18:14:52,1571940893219,-4,24/10/2019 14:14:53,10365,2,questionnaire-mie5,,3243771,AYYSG3O9FNU15,899906,,complete,rxglnt,,computer,Desktop or Laptop,Windows 10,Chrome 77.0.3865.120,1920x1080,1903x937,approve with $2.15 bonus,IPANAT SAMFE,1,words,English_Native,No_Psych,,l_pos,18+,,≥23,≥28,,≥33,,ACCEPT,,,,,,,,,≤37,,,,,,,,,,Responder,,,,,,,,,,,,,,,Continue,,,,,,,,,Orders 2 and 4,,order2,,,Continue,order4,,,,,,,,,,,,,Continue,ABFCED,Images loaded ok,approve with $2.15 bonus,END QUESTIONNAIRE,57987
1,1571941427970,24/10/2019 18:23:47,1571941426831,-6,24/10/2019 12:23:46,10365,2,questionnaire-mie5,,3243879,A32W24TWSWXW,899919,,complete,dmnxdu,,computer,Desktop or Laptop,Windows 10,Chrome 78.0.3904.70,1920x1080,1381x920,approve with $2.15 bonus,IPANAT SAMFE,1,words,English_Native,No_Psych,,l_pos,18+,,≥23,≥28,,≥33,,,,,ACCEPT,,,,,,≥38,≥43,≥48,≤52,,,,,,,Responder,,,,,,,,,,,,,,,Continue,,,,,,,,,Orders 7 and 9,,,,,,,,,,order9,,,order7,,,Continue,,,Continue,BCADFE,Images loaded ok,approve with $2.15 bonus,BEGIN QUESTIONNAIRE,
2,1571941458606,24/10/2019 18:24:18,1571941457647,-6,24/10/2019 12:24:17,10365,2,questionnaire-mie5,,3243879,A32W24TWSWXW,899919,,complete,dmnxdu,,computer,Desktop or Laptop,Windows 10,Chrome 78.0.3904.70,1920x1080,1364x920,approve with $2.15 bonus,IPANAT SAMFE,1,words,English_Native,No_Psych,,l_pos,18+,,≥23,≥28,,≥33,,,,,ACCEPT,,,,,,≥38,≥43,≥48,≤52,,,,,,,Responder,,,,,,,,,,,,,,,Continue,,,,,,,,,Orders 7 and 9,,,,,,,,,,order9,,,order7,,,Continue,,,Continue,BCADFE,Images loaded ok,approve with $2.15 bonus,happy,2 - fits somewhat
3,1571941460612,24/10/2019 18:24:20,1571941457651,-6,24/10/2019 12:24:17,10365,2,questionnaire-mie5,,3243879,A32W24TWSWXW,899919,,complete,dmnxdu,,computer,Desktop or Laptop,Windows 10,Chrome 78.0.3904.70,1920x1080,1364x920,approve with $2.15 bonus,IPANAT SAMFE,1,words,English_Native,No_Psych,,l_pos,18+,,≥23,≥28,,≥33,,,,,ACCEPT,,,,,,≥38,≥43,≥48,≤52,,,,,,,Responder,,,,,,,,,,,,,,,Continue,,,,,,,,,Orders 7 and 9,,,,,,,,,,order9,,,order7,,,Continue,,,Continue,BCADFE,Images loaded ok,approve with $2.15 bonus,happy-quantised,2
4,1571941460612,24/10/2019 18:24:20,1571941457653,-6,24/10/2019 12:24:17,10365,2,questionnaire-mie5,,3243879,A32W24TWSWXW,899919,,complete,dmnxdu,,computer,Desktop or Laptop,Windows 10,Chrome 78.0.3904.70,1920x1080,1364x920,approve with $2.15 bonus,IPANAT SAMFE,1,words,English_Native,No_Psych,,l_pos,18+,,≥23,≥28,,≥33,,,,,ACCEPT,,,,,,≥38,≥43,≥48,≤52,,,,,,,Responder,,,,,,,,,,,,,,,Continue,,,,,,,,,Orders 7 and 9,,,,,,,,,,order9,,,order7,,,Continue,,,Continue,BCADFE,Images loaded ok,approve with $2.15 bonus,helpless,1 - doesn't fit at all
5,1571941460612,24/10/2019 18:24:20,1571941457653,-6,24/10/2019 12:24:17,10365,2,questionnaire-mie5,,3243879,A32W24TWSWXW,899919,,complete,dmnxdu,,computer,Desktop or Laptop,Windows 10,Chrome 78.0.3904.70,1920x1080,1364x920,approve with $2.15 bonus,IPANAT SAMFE,1,words,English_Native,No_Psych,,l_pos,18+,,≥23,≥28,,≥33,,,,,ACCEPT,,,,,,≥38,≥43,≥48,≤52,,,,,,,Responder,,,,,,,,,,,,,,,Continue,,,,,,,,,Orders 7 and 9,,,,,,,,,,order9,,,order7,,,Continue,,,Continue,BCADFE,Images loaded ok,approve with $2.15 bonus,helpless-quantised,1
6,1571941460612,24/10/2019 18:24:20,1571941457654,-6,24/10/2019 12:24:17,10365,2,questionnaire-mie5,,3243879,A32W24TWSWXW,899919,,complete,dmnxdu,,computer,Desktop or Laptop,Windows 10,Chrome 78.0.3904.70,1920x1080,1364x920,approve with $2.15 bonus,IPANAT SAMFE,1,words,English_Native,No_Psych,,l_pos,18+,,≥23,≥28,,≥33,,,,,ACCEPT,,,,,,≥38,≥43,≥48,≤52,,,,,,,Responder,,,,,,,,,,,,,,,Continue,,,,,,,,,Orders 7 and 9,,,,,,,,,,order9,,,order7,,,Continue,,,Continue,BCADFE,Images loaded ok,approve with $2.15 bonus,energetic,2 - fits somewhat
7,1571941460612,24/10/2019 18:24:20,1571941457655,-6,24/10/2019 12:24:17,10365,2,questionnaire-mie5,,3243879,A32W24TWSWXW,899919,,complete,dmnxdu,,computer,Desktop or Laptop,Windows 10,Chrome 78.0.3904.70,1920x1080,1364x920,approve with $2.15 bonus,IPANAT SAMFE,1,words,English_Native,No_Psych,,l_pos,18+,,≥23,≥28,,≥33,,,,,ACCEPT,,,,,,≥38,≥43,≥48,≤52,,,,,,,Responder,,,,,,,,,,,,,,,Continue,,,,,,,,,Orders 7 and 9,,,,,,,,,,order9,,,order7,,,Continue,,,Continue,BCADFE,Images loaded ok,approve with $2.15 bonus,energetic-quantised,2
8,1571941460612,24/10/2019 18:24:20,1571941457656,-6,24/10/2019 12:24:17,10365,2,questionnaire-mie5,,3243879,A32W24TWSWXW,899919,,complete,dmnxdu,,computer,Desktop or Laptop,Windows 10,Chrome 78.0.3904.70,1920x1080,1364x920,approve with $2.15 bonus,IPANAT SAMFE,1,words,English_Native,No_Psych,,l_pos,18+,,≥23,≥28,,≥33,,,,,ACCEPT,,,,,,≥38,≥43,≥48,≤52,,,,,,,Responder,,,,,,,,,,,,,,,Continue,,,,,,,,,Orders 7 and 9,,,,,,,,,,order9,,,order7,,,Continue,,,Continue,BCADFE,Images loaded ok,approve with $2.15 bonus,tense,1 - doesn't fit at all
9,1571941460612,24/10/2019 18:24:20,1571941457657,-6,24/10/2019 12:24:17,10365,2,questionnaire-mie5,,3243879,A32W24TWSWXW,899919,,complete,dmnxdu,,computer,Desktop or Laptop,Windows 10,Chrome 78.0.3904.70,1920x1080,1364x920,approve with $2.15 bonus,IPANAT SAMFE,1,words,English_Native,No_Psych,,l_pos,18+,,≥23,≥28,,≥33,,,,,ACCEPT,,,,,,≥38,≥43,≥48,≤52,,,,,,,Responder,,,,,,,,,,,,,,,Continue,,,,,,,,,Orders 7 and 9,,,,,,,,,,order9,,,order7,,,Continue,,,Continue,BCADFE,Images loaded ok,approve with $2.15 bonus,tense-quantised,1
10,1571941460612,24/10/2019 18:24:20,1571941457658,-6,24/10/2019 12:24:17,10365,2,questionnaire-mie5,,3243879,A32W24TWSWXW,899919,,complete,dmnxdu,,computer,Desktop or Laptop,Windows 10,Chrome 78.0.3904.70,1920x1080,1364x920,approve with $2.15 bonus,IPANAT SAMFE,1,words,English_Native,No_Psych,,l_pos,18+,,≥23,≥28,,≥33,,,,,ACCEPT,,,,,,≥38,≥43,≥48,≤52,,,,,,,Responder,,,,,,,,,,,,,,,Continue,,,,,,,,,Orders 7 and 9,,,,,,,,,,order9,,,order7,,,Continue,,,Continue,BCADFE,Images loaded ok,approve with $2.15 bonus,cheerful,2 - fits somewhat
11,1571941460612,24/10/2019 18:24:20,1571941457659,-6,24/10/2019 12:24:17,10365,2,questionnaire-mie5,,3243879,A32W24TWSWXW,899919,,complete,dmnxdu,,computer,Desktop or Laptop,Windows 10,Chrome 78.0.3904.70,1920x1080,1364x920,approve with $2.15 bonus,IPANAT SAMFE,1,words,English_Native,No_Psych,,l_pos,18+,,≥23,≥28,,≥33,,,,,ACCEPT,,,,,,≥38,≥43,≥48,≤52,,,,,,,Responder,,,,,,,,,,,,,,,Continue,,,,,,,,,Orders 7 and 9,,,,,,,,,,order9,,,order7,,,Continue,,,Continue,BCADFE,Images loaded ok,approve with $2.15 bonus,cheerful-quantised,2
12,1571941460612,24/10/2019 18:24:20,1571941457659,-6,24/10/2019 12:24:17,10365,2,questionnaire-mie5,,3243879,A32W24TWSWXW,899919,,complete,dmnxdu,,computer,Desktop or Laptop,Windows 10,Chrome 78.0.3904.70,1920x1080,1364x920,approve with $2.15 bonus,IPANAT SAMFE,1,words,English_Native,No_Psych,,l_pos,18+,,≥23,≥28,,≥33,,,,,ACCEPT,,,,,,≥38,≥43,≥48,≤52,,,,,,,Responder,,,,,,,,,,,,,,,Continue,,,,,,,,,Orders 7 and 9,,,,,,,,,,order9,,,order7,,,Continue,,,Continue,BCADFE,Images loaded ok,approve with $2.15 bonus,inhibited,1 - doesn't fit at all
13,1571941460612,24/10/2019 18:24:20,1571941457660,-6,24/10/2019 12:24:17,10365,2,questionnaire-mie5,,3243879,A32W24TWSWXW,899919,,complete,dmnxdu,,computer,Desktop or Laptop,Windows 10,Chrome 78.0.3904.70,1920x1080,1364x920,approve with $2.15 bonus,IPANAT SAMFE,1,words,English_Native,No_Psych,,l_pos,18+,,≥23,≥28,,≥33,,,,,ACCEPT,,,,,,≥38,≥43,≥48,≤52,,,,,,,Responder,,,,,,,,,,,,,,,Continue,,,,,,,,,Orders 7 and 9,,,,,,,,,,order9,,,order7,,,Continue,,,Continue,BCADFE,Images loaded ok,approve with $2.15 bonus,inhibited-quantised,1
14,1571941460612,24/10/2019 18:24:20,1571941457660,-6,24/10/2019 12:24:17,10365,2,questionnaire-mie5,,3243879,A32W24TWSWXW,899919,,complete,dmnxdu,,computer,Desktop or Laptop,Windows 10,Chrome 78.0.3904.70,1920x1080,1364x920,approve with $2.15 bonus,IPANAT SAMFE,1,words,English_Native,No_Psych,,l_pos,18+,,≥23,≥28,,≥33,,,,,ACCEPT,,,,,,≥38,≥43,≥48,≤52,,,,,,,Responder,,,,,,,,,,,,,,,Continue,,,,,,,,,Orders 7 and 9,,,,,,,,,,order9,,,order7,,,Continue,,,Continue,BCADFE,Images loaded ok,approve with $2.15 bonus,END QUESTIONNAIRE,30830
1,1571949256022,24/10/2019 20:34:16,1571949255909,-4,24/10/2019 16:34:15,10365,2,questionnaire-mie5,,3244620,A2GTBBZA2M82NR,900051,,complete,azylxk,,computer,Desktop or Laptop,Windows 10,Firefox 70.0,1920x1080,1920x938,approve with $2.15 bonus,IPANAT SAMFE,1,words,English_Native,No_Psych,Responder,a_pos,18+,,≥23,≥28,,≥33,,ACCEPT,,,,,,,,,≤37,,,,,,,,,,,,,,Orders 11 and 12,,,,,order11,,,Continue,,,Continue,,,,,order11,,,,,,,,,,,,,,,,,,,,,,,Continue,CDBEAF,Images loaded ok,approve with $2.15 bonus,BEGIN QUESTIONNAIRE,
2,1571949331554,24/10/2019 20:35:31,1571949331461,-4,24/10/2019 16:35:31,10365,2,questionnaire-mie5,,3244620,A2GTBBZA2M82NR,900051,,complete,azylxk,,computer,Desktop or Laptop,Windows 10,Firefox 70.0,1920x1080,1903x938,approve with $2.15 bonus,IPANAT SAMFE,1,words,English_Native,No_Psych,Responder,a_pos,18+,,≥23,≥28,,≥33,,ACCEPT,,,,,,,,,≤37,,,,,,,,,,,,,,Orders 11 and 12,,,,,order11,,,Continue,,,Continue,,,,,order11,,,,,,,,,,,,,,,,,,,,,,,Continue,CDBEAF,Images loaded ok,approve with $2.15 bonus,happy,3 - fits quite well
3,1571949331835,24/10/2019 20:35:31,1571949331462,-4,24/10/2019 16:35:31,10365,2,questionnaire-mie5,,3244620,A2GTBBZA2M82NR,900051,,complete,azylxk,,computer,Desktop or Laptop,Windows 10,Firefox 70.0,1920x1080,1903x938,approve with $2.15 bonus,IPANAT SAMFE,1,words,English_Native,No_Psych,Responder,a_pos,18+,,≥23,≥28,,≥33,,ACCEPT,,,,,,,,,≤37,,,,,,,,,,,,,,Orders 11 and 12,,,,,order11,,,Continue,,,Continue,,,,,order11,,,,,,,,,,,,,,,,,,,,,,,Continue,CDBEAF,Images loaded ok,approve with $2.15 bonus,happy-quantised,3
4,1571949331835,24/10/2019 20:35:31,1571949331463,-4,24/10/2019 16:35:31,10365,2,questionnaire-mie5,,3244620,A2GTBBZA2M82NR,900051,,complete,azylxk,,computer,Desktop or Laptop,Windows 10,Firefox 70.0,1920x1080,1903x938,approve with $2.15 bonus,IPANAT SAMFE,1,words,English_Native,No_Psych,Responder,a_pos,18+,,≥23,≥28,,≥33,,ACCEPT,,,,,,,,,≤37,,,,,,,,,,,,,,Orders 11 and 12,,,,,order11,,,Continue,,,Continue,,,,,order11,,,,,,,,,,,,,,,,,,,,,,,Continue,CDBEAF,Images loaded ok,approve with $2.15 bonus,helpless,1 - doesn't fit at all
5,1571949331835,24/10/2019 20:35:31,1571949331463,-4,24/10/2019 16:35:31,10365,2,questionnaire-mie5,,3244620,A2GTBBZA2M82NR,900051,,complete,azylxk,,computer,Desktop or Laptop,Windows 10,Firefox 70.0,1920x1080,1903x938,approve with $2.15 bonus,IPANAT SAMFE,1,words,English_Native,No_Psych,Responder,a_pos,18+,,≥23,≥28,,≥33,,ACCEPT,,,,,,,,,≤37,,,,,,,,,,,,,,Orders 11 and 12,,,,,order11,,,Continue,,,Continue,,,,,order11,,,,,,,,,,,,,,,,,,,,,,,Continue,CDBEAF,Images loaded ok,approve with $2.15 bonus,helpless-quantised,1
6,1571949331835,24/10/2019 20:35:31,1571949331463,-4,24/10/2019 16:35:31,10365,2,questionnaire-mie5,,3244620,A2GTBBZA2M82NR,900051,,complete,azylxk,,computer,Desktop or Laptop,Windows 10,Firefox 70.0,1920x1080,1903x938,approve with $2.15 bonus,IPANAT SAMFE,1,words,English_Native,No_Psych,Responder,a_pos,18+,,≥23,≥28,,≥33,,ACCEPT,,,,,,,,,≤37,,,,,,,,,,,,,,Orders 11 and 12,,,,,order11,,,Continue,,,Continue,,,,,order11,,,,,,,,,,,,,,,,,,,,,,,Continue,CDBEAF,Images loaded ok,approve with $2.15 bonus,energetic,3 - fits quite well
7,1571949331835,24/10/2019 20:35:31,1571949331464,-4,24/10/2019 16:35:31,10365,2,questionnaire-mie5,,3244620,A2GTBBZA2M82NR,900051,,complete,azylxk,,computer,Desktop or Laptop,Windows 10,Firefox 70.0,1920x1080,1903x938,approve with $2.15 bonus,IPANAT SAMFE,1,words,English_Native,No_Psych,Responder,a_pos,18+,,≥23,≥28,,≥33,,ACCEPT,,,,,,,,,≤37,,,,,,,,,,,,,,Orders 11 and 12,,,,,order11,,,Continue,,,Continue,,,,,order11,,,,,,,,,,,,,,,,,,,,,,,Continue,CDBEAF,Images loaded ok,approve with $2.15 bonus,energetic-quantised,3
8,1571949331835,24/10/2019 20:35:31,1571949331464,-4,24/10/2019 16:35:31,10365,2,questionnaire-mie5,,3244620,A2GTBBZA2M82NR,900051,,complete,azylxk,,computer,Desktop or Laptop,Windows 10,Firefox 70.0,1920x1080,1903x938,approve with $2.15 bonus,IPANAT SAMFE,1,words,English_Native,No_Psych,Responder,a_pos,18+,,≥23,≥28,,≥33,,ACCEPT,,,,,,,,,≤37,,,,,,,,,,,,,,Orders 11 and 12,,,,,order11,,,Continue,,,Continue,,,,,order11,,,,,,,,,,,,,,,,,,,,,,,Continue,CDBEAF,Images loaded ok,approve with $2.15 bonus,tense,1 - doesn't fit at all
9,1571949331835,24/10/2019 20:35:31,1571949331464,-4,24/10/2019 16:35:31,10365,2,questionnaire-mie5,,3244620,A2GTBBZA2M82NR,900051,,complete,azylxk,,computer,Desktop or Laptop,Windows 10,Firefox 70.0,1920x1080,1903x938,approve with $2.15 bonus,IPANAT SAMFE,1,words,English_Native,No_Psych,Responder,a_pos,18+,,≥23,≥28,,≥33,,ACCEPT,,,,,,,,,≤37,,,,,,,,,,,,,,Orders 11 and 12,,,,,order11,,,Continue,,,Continue,,,,,order11,,,,,,,,,,,,,,,,,,,,,,,Continue,CDBEAF,Images loaded ok,approve with $2.15 bonus,tense-quantised,1
10,1571949331835,24/10/2019 20:35:31,1571949331464,-4,24/10/2019 16:35:31,10365,2,questionnaire-mie5,,3244620,A2GTBBZA2M82NR,900051,,complete,azylxk,,computer,Desktop or Laptop,Windows 10,Firefox 70.0,1920x1080,1903x938,approve with $2.15 bonus,IPANAT SAMFE,1,words,English_Native,No_Psych,Responder,a_pos,18+,,≥23,≥28,,≥33,,ACCEPT,,,,,,,,,≤37,,,,,,,,,,,,,,Orders 11 and 12,,,,,order11,,,Continue,,,Continue,,,,,order11,,,,,,,,,,,,,,,,,,,,,,,Continue,CDBEAF,Images loaded ok,approve with $2.15 bonus,cheerful,3 - fits quite well
11,1571949331835,24/10/2019 20:35:31,1571949331464,-4,24/10/2019 16:35:31,10365,2,questionnaire-mie5,,3244620,A2GTBBZA2M82NR,900051,,complete,azylxk,,computer,Desktop or Laptop,Windows 10,Firefox 70.0,1920x1080,1903x938,approve with $2.15 bonus,IPANAT SAMFE,1,words,English_Native,No_Psych,Responder,a_pos,18+,,≥23,≥28,,≥33,,ACCEPT,,,,,,,,,≤37,,,,,,,,,,,,,,Orders 11 and 12,,,,,order11,,,Continue,,,Continue,,,,,order11,,,,,,,,,,,,,,,,,,,,,,,Continue,CDBEAF,Images loaded ok,approve with $2.15 bonus,cheerful-quantised,3
12,1571949331835,24/10/2019 20:35:31,1571949331465,-4,24/10/2019 16:35:31,10365,2,questionnaire-mie5,,3244620,A2GTBBZA2M82NR,900051,,complete,azylxk,,computer,Desktop or Laptop,Windows 10,Firefox 70.0,1920x1080,1903x938,approve with $2.15 bonus,IPANAT SAMFE,1,words,English_Native,No_Psych,Responder,a_pos,18+,,≥23,≥28,,≥33,,ACCEPT,,,,,,,,,≤37,,,,,,,,,,,,,,Orders 11 and 12,,,,,order11,,,Continue,,,Continue,,,,,order11,,,,,,,,,,,,,,,,,,,,,,,Continue,CDBEAF,Images loaded ok,approve with $2.15 bonus,inhibited,1 - doesn't fit at all
13,1571949331835,24/10/2019 20:35:31,1571949331465,-4,24/10/2019 16:35:31,10365,2,questionnaire-mie5,,3244620,A2GTBBZA2M82NR,900051,,complete,azylxk,,computer,Desktop or Laptop,Windows 10,Firefox 70.0,1920x1080,1903x938,approve with $2.15 bonus,IPANAT SAMFE,1,words,English_Native,No_Psych,Responder,a_pos,18+,,≥23,≥28,,≥33,,ACCEPT,,,,,,,,,≤37,,,,,,,,,,,,,,Orders 11 and 12,,,,,order11,,,Continue,,,Continue,,,,,order11,,,,,,,,,,,,,,,,,,,,,,,Continue,CDBEAF,Images loaded ok,approve with $2.15 bonus,inhibited-quantised,1
14,1571949331835,24/10/2019 20:35:31,1571949331466,-4,24/10/2019 16:35:31,10365,2,questionnaire-mie5,,3244620,A2GTBBZA2M82NR,900051,,complete,azylxk,,computer,Desktop or Laptop,Windows 10,Firefox 70.0,1920x1080,1903x938,approve with $2.15 bonus,IPANAT SAMFE,1,words,English_Native,No_Psych,Responder,a_pos,18+,,≥23,≥28,,≥33,,ACCEPT,,,,,,,,,≤37,,,,,,,,,,,,,,Orders 11 and 12,,,,,order11,,,Continue,,,Continue,,,,,order11,,,,,,,,,,,,,,,,,,,,,,,Continue,CDBEAF,Images loaded ok,approve with $2.15 bonus,END QUESTIONNAIRE,75557
1,1571952556553,24/10/2019 21:29:16,1571952557105,-4,24/10/2019 17:29:17,10365,2,questionnaire-mie5,,3244823,A3C2DKCZLI304P,900093,,complete,mjpfvq,,computer,Desktop or Laptop,Windows 10,Chrome 77.0.3865.90,1366x768,1366x657,approve with $2.15 bonus,IPANAT SAMFE,1,words,English_Native,No_Psych,Responder,a_pos,18+,,≥23,≥28,,≥33,,ACCEPT,,,,,,,,,≤37,,,,,,,,,,,order1,,,Orders 1 and 3,,,,,,,Continue,,,order3,Continue,,,,,,,,,,,,,,,,,,,,,,,,,,,,Continue,DECFBA,Images loaded ok,approve with $2.15 bonus,BEGIN QUESTIONNAIRE,
2,1571952566173,24/10/2019 21:29:26,1571952566754,-4,24/10/2019 17:29:26,10365,2,questionnaire-mie5,,3244823,A3C2DKCZLI304P,900093,,complete,mjpfvq,,computer,Desktop or Laptop,Windows 10,Chrome 77.0.3865.90,1366x768,1349x657,approve with $2.15 bonus,IPANAT SAMFE,1,words,English_Native,No_Psych,Responder,a_pos,18+,,≥23,≥28,,≥33,,ACCEPT,,,,,,,,,≤37,,,,,,,,,,,order1,,,Orders 1 and 3,,,,,,,Continue,,,order3,Continue,,,,,,,,,,,,,,,,,,,,,,,,,,,,Continue,DECFBA,Images loaded ok,approve with $2.15 bonus,happy,1 - doesn't fit at all
3,1571952566345,24/10/2019 21:29:26,1571952566759,-4,24/10/2019 17:29:26,10365,2,questionnaire-mie5,,3244823,A3C2DKCZLI304P,900093,,complete,mjpfvq,,computer,Desktop or Laptop,Windows 10,Chrome 77.0.3865.90,1366x768,1349x657,approve with $2.15 bonus,IPANAT SAMFE,1,words,English_Native,No_Psych,Responder,a_pos,18+,,≥23,≥28,,≥33,,ACCEPT,,,,,,,,,≤37,,,,,,,,,,,order1,,,Orders 1 and 3,,,,,,,Continue,,,order3,Continue,,,,,,,,,,,,,,,,,,,,,,,,,,,,Continue,DECFBA,Images loaded ok,approve with $2.15 bonus,happy-quantised,1
4,1571952566345,24/10/2019 21:29:26,1571952566760,-4,24/10/2019 17:29:26,10365,2,questionnaire-mie5,,3244823,A3C2DKCZLI304P,900093,,complete,mjpfvq,,computer,Desktop or Laptop,Windows 10,Chrome 77.0.3865.90,1366x768,1349x657,approve with $2.15 bonus,IPANAT SAMFE,1,words,English_Native,No_Psych,Responder,a_pos,18+,,≥23,≥28,,≥33,,ACCEPT,,,,,,,,,≤37,,,,,,,,,,,order1,,,Orders 1 and 3,,,,,,,Continue,,,order3,Continue,,,,,,,,,,,,,,,,,,,,,,,,,,,,Continue,DECFBA,Images loaded ok,approve with $2.15 bonus,helpless,1 - doesn't fit at all
5,1571952566345,24/10/2019 21:29:26,1571952566760,-4,24/10/2019 17:29:26,10365,2,questionnaire-mie5,,3244823,A3C2DKCZLI304P,900093,,complete,mjpfvq,,computer,Desktop or Laptop,Windows 10,Chrome 77.0.3865.90,1366x768,1349x657,approve with $2.15 bonus,IPANAT SAMFE,1,words,English_Native,No_Psych,Responder,a_pos,18+,,≥23,≥28,,≥33,,ACCEPT,,,,,,,,,≤37,,,,,,,,,,,order1,,,Orders 1 and 3,,,,,,,Continue,,,order3,Continue,,,,,,,,,,,,,,,,,,,,,,,,,,,,Continue,DECFBA,Images loaded ok,approve with $2.15 bonus,helpless-quantised,1
6,1571952566345,24/10/2019 21:29:26,1571952566761,-4,24/10/2019 17:29:26,10365,2,questionnaire-mie5,,3244823,A3C2DKCZLI304P,900093,,complete,mjpfvq,,computer,Desktop or Laptop,Windows 10,Chrome 77.0.3865.90,1366x768,1349x657,approve with $2.15 bonus,IPANAT SAMFE,1,words,English_Native,No_Psych,Responder,a_pos,18+,,≥23,≥28,,≥33,,ACCEPT,,,,,,,,,≤37,,,,,,,,,,,order1,,,Orders 1 and 3,,,,,,,Continue,,,order3,Continue,,,,,,,,,,,,,,,,,,,,,,,,,,,,Continue,DECFBA,Images loaded ok,approve with $2.15 bonus,energetic,1 - doesn't fit at all
7,1571952566345,24/10/2019 21:29:26,1571952566762,-4,24/10/2019 17:29:26,10365,2,questionnaire-mie5,,3244823,A3C2DKCZLI304P,900093,,complete,mjpfvq,,computer,Desktop or Laptop,Windows 10,Chrome 77.0.3865.90,1366x768,1349x657,approve with $2.15 bonus,IPANAT SAMFE,1,words,English_Native,No_Psych,Responder,a_pos,18+,,≥23,≥28,,≥33,,ACCEPT,,,,,,,,,≤37,,,,,,,,,,,order1,,,Orders 1 and 3,,,,,,,Continue,,,order3,Continue,,,,,,,,,,,,,,,,,,,,,,,,,,,,Continue,DECFBA,Images loaded ok,approve with $2.15 bonus,energetic-quantised,1
8,1571952566345,24/10/2019 21:29:26,1571952566762,-4,24/10/2019 17:29:26,10365,2,questionnaire-mie5,,3244823,A3C2DKCZLI304P,900093,,complete,mjpfvq,,computer,Desktop or Laptop,Windows 10,Chrome 77.0.3865.90,1366x768,1349x657,approve with $2.15 bonus,IPANAT SAMFE,1,words,English_Native,No_Psych,Responder,a_pos,18+,,≥23,≥28,,≥33,,ACCEPT,,,,,,,,,≤37,,,,,,,,,,,order1,,,Orders 1 and 3,,,,,,,Continue,,,order3,Continue,,,,,,,,,,,,,,,,,,,,,,,,,,,,Continue,DECFBA,Images loaded ok,approve with $2.15 bonus,tense,1 - doesn't fit at all
9,1571952566345,24/10/2019 21:29:26,1571952566763,-4,24/10/2019 17:29:26,10365,2,questionnaire-mie5,,3244823,A3C2DKCZLI304P,900093,,complete,mjpfvq,,computer,Desktop or Laptop,Windows 10,Chrome 77.0.3865.90,1366x768,1349x657,approve with $2.15 bonus,IPANAT SAMFE,1,words,English_Native,No_Psych,Responder,a_pos,18+,,≥23,≥28,,≥33,,ACCEPT,,,,,,,,,≤37,,,,,,,,,,,order1,,,Orders 1 and 3,,,,,,,Continue,,,order3,Continue,,,,,,,,,,,,,,,,,,,,,,,,,,,,Continue,DECFBA,Images loaded ok,approve with $2.15 bonus,tense-quantised,1
10,1571952566345,24/10/2019 21:29:26,1571952566764,-4,24/10/2019 17:29:26,10365,2,questionnaire-mie5,,3244823,A3C2DKCZLI304P,900093,,complete,mjpfvq,,computer,Desktop or Laptop,Windows 10,Chrome 77.0.3865.90,1366x768,1349x657,approve with $2.15 bonus,IPANAT SAMFE,1,words,English_Native,No_Psych,Responder,a_pos,18+,,≥23,≥28,,≥33,,ACCEPT,,,,,,,,,≤37,,,,,,,,,,,order1,,,Orders 1 and 3,,,,,,,Continue,,,order3,Continue,,,,,,,,,,,,,,,,,,,,,,,,,,,,Continue,DECFBA,Images loaded ok,approve with $2.15 bonus,cheerful,1 - doesn't fit at all
11,1571952566345,24/10/2019 21:29:26,1571952566764,-4,24/10/2019 17:29:26,10365,2,questionnaire-mie5,,3244823,A3C2DKCZLI304P,900093,,complete,mjpfvq,,computer,Desktop or Laptop,Windows 10,Chrome 77.0.3865.90,1366x768,1349x657,approve with $2.15 bonus,IPANAT SAMFE,1,words,English_Native,No_Psych,Responder,a_pos,18+,,≥23,≥28,,≥33,,ACCEPT,,,,,,,,,≤37,,,,,,,,,,,order1,,,Orders 1 and 3,,,,,,,Continue,,,order3,Continue,,,,,,,,,,,,,,,,,,,,,,,,,,,,Continue,DECFBA,Images loaded ok,approve with $2.15 bonus,cheerful-quantised,1
12,1571952566345,24/10/2019 21:29:26,1571952566765,-4,24/10/2019 17:29:26,10365,2,questionnaire-mie5,,3244823,A3C2DKCZLI304P,900093,,complete,mjpfvq,,computer,Desktop or Laptop,Windows 10,Chrome 77.0.3865.90,1366x768,1349x657,approve with $2.15 bonus,IPANAT SAMFE,1,words,English_Native,No_Psych,Responder,a_pos,18+,,≥23,≥28,,≥33,,ACCEPT,,,,,,,,,≤37,,,,,,,,,,,order1,,,Orders 1 and 3,,,,,,,Continue,,,order3,Continue,,,,,,,,,,,,,,,,,,,,,,,,,,,,Continue,DECFBA,Images loaded ok,approve with $2.15 bonus,inhibited,1 - doesn't fit at all
13,1571952566345,24/10/2019 21:29:26,1571952566766,-4,24/10/2019 17:29:26,10365,2,questionnaire-mie5,,3244823,A3C2DKCZLI304P,900093,,complete,mjpfvq,,computer,Desktop or Laptop,Windows 10,Chrome 77.0.3865.90,1366x768,1349x657,approve with $2.15 bonus,IPANAT SAMFE,1,words,English_Native,No_Psych,Responder,a_pos,18+,,≥23,≥28,,≥33,,ACCEPT,,,,,,,,,≤37,,,,,,,,,,,order1,,,Orders 1 and 3,,,,,,,Continue,,,order3,Continue,,,,,,,,,,,,,,,,,,,,,,,,,,,,Continue,DECFBA,Images loaded ok,approve with $2.15 bonus,inhibited-quantised,1
14,1571952566345,24/10/2019 21:29:26,1571952566766,-4,24/10/2019 17:29:26,10365,2,questionnaire-mie5,,3244823,A3C2DKCZLI304P,900093,,complete,mjpfvq,,computer,Desktop or Laptop,Windows 10,Chrome 77.0.3865.90,1366x768,1349x657,approve with $2.15 bonus,IPANAT SAMFE,1,words,English_Native,No_Psych,Responder,a_pos,18+,,≥23,≥28,,≥33,,ACCEPT,,,,,,,,,≤37,,,,,,,,,,,order1,,,Orders 1 and 3,,,,,,,Continue,,,order3,Continue,,,,,,,,,,,,,,,,,,,,,,,,,,,,Continue,DECFBA,Images loaded ok,approve with $2.15 bonus,END QUESTIONNAIRE,9661
1,1571954501875,24/10/2019 22:01:41,1571954502600,-6,24/10/2019 16:01:42,10365,2,questionnaire-mie5,,3244915,A3CENIDTHHT4R8,900113,,complete,rlrxxo,,computer,Desktop or Laptop,Windows 10,Chrome 77.0.3865.120,1600x1200,1600x1095,approve with $2.15 bonus,IPANAT SAMFE,1,words,English_Native,No_Psych,,l_pos,18+,,≥23,≥28,,≥33,,,,,,ACCEPT,,,,,≥38,≥43,≥48,≥53,≤57,,,,,,Responder,,,,,,,,,,,,,,,Continue,,,,,,,,,Orders 8 and 10,,,,,,,,,,,,order8,,order10,,,Continue,,Continue,EFDACB,Images loaded ok,approve with $2.15 bonus,BEGIN QUESTIONNAIRE,
2,1571954516896,24/10/2019 22:01:56,1571954517676,-6,24/10/2019 16:01:57,10365,2,questionnaire-mie5,,3244915,A3CENIDTHHT4R8,900113,,complete,rlrxxo,,computer,Desktop or Laptop,Windows 10,Chrome 77.0.3865.120,1600x1200,1600x1095,approve with $2.15 bonus,IPANAT SAMFE,1,words,English_Native,No_Psych,,l_pos,18+,,≥23,≥28,,≥33,,,,,,ACCEPT,,,,,≥38,≥43,≥48,≥53,≤57,,,,,,Responder,,,,,,,,,,,,,,,Continue,,,,,,,,,Orders 8 and 10,,,,,,,,,,,,order8,,order10,,,Continue,,Continue,EFDACB,Images loaded ok,approve with $2.15 bonus,happy,4 - fits very well
3,1571954517225,24/10/2019 22:01:57,1571954517677,-6,24/10/2019 16:01:57,10365,2,questionnaire-mie5,,3244915,A3CENIDTHHT4R8,900113,,complete,rlrxxo,,computer,Desktop or Laptop,Windows 10,Chrome 77.0.3865.120,1600x1200,1600x1095,approve with $2.15 bonus,IPANAT SAMFE,1,words,English_Native,No_Psych,,l_pos,18+,,≥23,≥28,,≥33,,,,,,ACCEPT,,,,,≥38,≥43,≥48,≥53,≤57,,,,,,Responder,,,,,,,,,,,,,,,Continue,,,,,,,,,Orders 8 and 10,,,,,,,,,,,,order8,,order10,,,Continue,,Continue,EFDACB,Images loaded ok,approve with $2.15 bonus,happy-quantised,4
4,1571954517225,24/10/2019 22:01:57,1571954517677,-6,24/10/2019 16:01:57,10365,2,questionnaire-mie5,,3244915,A3CENIDTHHT4R8,900113,,complete,rlrxxo,,computer,Desktop or Laptop,Windows 10,Chrome 77.0.3865.120,1600x1200,1600x1095,approve with $2.15 bonus,IPANAT SAMFE,1,words,English_Native,No_Psych,,l_pos,18+,,≥23,≥28,,≥33,,,,,,ACCEPT,,,,,≥38,≥43,≥48,≥53,≤57,,,,,,Responder,,,,,,,,,,,,,,,Continue,,,,,,,,,Orders 8 and 10,,,,,,,,,,,,order8,,order10,,,Continue,,Continue,EFDACB,Images loaded ok,approve with $2.15 bonus,helpless,1 - doesn't fit at all
5,1571954517225,24/10/2019 22:01:57,1571954517677,-6,24/10/2019 16:01:57,10365,2,questionnaire-mie5,,3244915,A3CENIDTHHT4R8,900113,,complete,rlrxxo,,computer,Desktop or Laptop,Windows 10,Chrome 77.0.3865.120,1600x1200,1600x1095,approve with $2.15 bonus,IPANAT SAMFE,1,words,English_Native,No_Psych,,l_pos,18+,,≥23,≥28,,≥33,,,,,,ACCEPT,,,,,≥38,≥43,≥48,≥53,≤57,,,,,,Responder,,,,,,,,,,,,,,,Continue,,,,,,,,,Orders 8 and 10,,,,,,,,,,,,order8,,order10,,,Continue,,Continue,EFDACB,Images loaded ok,approve with $2.15 bonus,helpless-quantised,1
6,1571954517225,24/10/2019 22:01:57,1571954517677,-6,24/10/2019 16:01:57,10365,2,questionnaire-mie5,,3244915,A3CENIDTHHT4R8,900113,,complete,rlrxxo,,computer,Desktop or Laptop,Windows 10,Chrome 77.0.3865.120,1600x1200,1600x1095,approve with $2.15 bonus,IPANAT SAMFE,1,words,English_Native,No_Psych,,l_pos,18+,,≥23,≥28,,≥33,,,,,,ACCEPT,,,,,≥38,≥43,≥48,≥53,≤57,,,,,,Responder,,,,,,,,,,,,,,,Continue,,,,,,,,,Orders 8 and 10,,,,,,,,,,,,order8,,order10,,,Continue,,Continue,EFDACB,Images loaded ok,approve with $2.15 bonus,energetic,3 - fits quite well
7,1571954517225,24/10/2019 22:01:57,1571954517677,-6,24/10/2019 16:01:57,10365,2,questionnaire-mie5,,3244915,A3CENIDTHHT4R8,900113,,complete,rlrxxo,,computer,Desktop or Laptop,Windows 10,Chrome 77.0.3865.120,1600x1200,1600x1095,approve with $2.15 bonus,IPANAT SAMFE,1,words,English_Native,No_Psych,,l_pos,18+,,≥23,≥28,,≥33,,,,,,ACCEPT,,,,,≥38,≥43,≥48,≥53,≤57,,,,,,Responder,,,,,,,,,,,,,,,Continue,,,,,,,,,Orders 8 and 10,,,,,,,,,,,,order8,,order10,,,Continue,,Continue,EFDACB,Images loaded ok,approve with $2.15 bonus,energetic-quantised,3
8,1571954517225,24/10/2019 22:01:57,1571954517678,-6,24/10/2019 16:01:57,10365,2,questionnaire-mie5,,3244915,A3CENIDTHHT4R8,900113,,complete,rlrxxo,,computer,Desktop or Laptop,Windows 10,Chrome 77.0.3865.120,1600x1200,1600x1095,approve with $2.15 bonus,IPANAT SAMFE,1,words,English_Native,No_Psych,,l_pos,18+,,≥23,≥28,,≥33,,,,,,ACCEPT,,,,,≥38,≥43,≥48,≥53,≤57,,,,,,Responder,,,,,,,,,,,,,,,Continue,,,,,,,,,Orders 8 and 10,,,,,,,,,,,,order8,,order10,,,Continue,,Continue,EFDACB,Images loaded ok,approve with $2.15 bonus,END QUESTIONNAIRE,15078
9,1571954517225,24/10/2019 22:01:57,1571954517678,-6,24/10/2019 16:01:57,10365,2,questionnaire-mie5,,3244915,A3CENIDTHHT4R8,900113,,complete,rlrxxo,,computer,Desktop or Laptop,Windows 10,Chrome 77.0.3865.120,1600x1200,1600x1095,approve with $2.15 bonus,IPANAT SAMFE,1,words,English_Native,No_Psych,,l_pos,18+,,≥23,≥28,,≥33,,,,,,ACCEPT,,,,,≥38,≥43,≥48,≥53,≤57,,,,,,Responder,,,,,,,,,,,,,,,Continue,,,,,,,,,Orders 8 and 10,,,,,,,,,,,,order8,,order10,,,Continue,,Continue,EFDACB,Images loaded ok,approve with $2.15 bonus,tense-quantised,1
10,1571954517225,24/10/2019 22:01:57,1571954517678,-6,24/10/2019 16:01:57,10365,2,questionnaire-mie5,,3244915,A3CENIDTHHT4R8,900113,,complete,rlrxxo,,computer,Desktop or Laptop,Windows 10,Chrome 77.0.3865.120,1600x1200,1600x1095,approve with $2.15 bonus,IPANAT SAMFE,1,words,English_Native,No_Psych,,l_pos,18+,,≥23,≥28,,≥33,,,,,,ACCEPT,,,,,≥38,≥43,≥48,≥53,≤57,,,,,,Responder,,,,,,,,,,,,,,,Continue,,,,,,,,,Orders 8 and 10,,,,,,,,,,,,order8,,order10,,,Continue,,Continue,EFDACB,Images loaded ok,approve with $2.15 bonus,cheerful,4 - fits very well
11,1571954517225,24/10/2019 22:01:57,1571954517678,-6,24/10/2019 16:01:57,10365,2,questionnaire-mie5,,3244915,A3CENIDTHHT4R8,900113,,complete,rlrxxo,,computer,Desktop or Laptop,Windows 10,Chrome 77.0.3865.120,1600x1200,1600x1095,approve with $2.15 bonus,IPANAT SAMFE,1,words,English_Native,No_Psych,,l_pos,18+,,≥23,≥28,,≥33,,,,,,ACCEPT,,,,,≥38,≥43,≥48,≥53,≤57,,,,,,Responder,,,,,,,,,,,,,,,Continue,,,,,,,,,Orders 8 and 10,,,,,,,,,,,,order8,,order10,,,Continue,,Continue,EFDACB,Images loaded ok,approve with $2.15 bonus,cheerful-quantised,4
12,1571954517225,24/10/2019 22:01:57,1571954517678,-6,24/10/2019 16:01:57,10365,2,questionnaire-mie5,,3244915,A3CENIDTHHT4R8,900113,,complete,rlrxxo,,computer,Desktop or Laptop,Windows 10,Chrome 77.0.3865.120,1600x1200,1600x1095,approve with $2.15 bonus,IPANAT SAMFE,1,words,English_Native,No_Psych,,l_pos,18+,,≥23,≥28,,≥33,,,,,,ACCEPT,,,,,≥38,≥43,≥48,≥53,≤57,,,,,,Responder,,,,,,,,,,,,,,,Continue,,,,,,,,,Orders 8 and 10,,,,,,,,,,,,order8,,order10,,,Continue,,Continue,EFDACB,Images loaded ok,approve with $2.15 bonus,inhibited,1 - doesn't fit at all
13,1571954517225,24/10/2019 22:01:57,1571954517678,-6,24/10/2019 16:01:57,10365,2,questionnaire-mie5,,3244915,A3CENIDTHHT4R8,900113,,complete,rlrxxo,,computer,Desktop or Laptop,Windows 10,Chrome 77.0.3865.120,1600x1200,1600x1095,approve with $2.15 bonus,IPANAT SAMFE,1,words,English_Native,No_Psych,,l_pos,18+,,≥23,≥28,,≥33,,,,,,ACCEPT,,,,,≥38,≥43,≥48,≥53,≤57,,,,,,Responder,,,,,,,,,,,,,,,Continue,,,,,,,,,Orders 8 and 10,,,,,,,,,,,,order8,,order10,,,Continue,,Continue,EFDACB,Images loaded ok,approve with $2.15 bonus,inhibited-quantised,1
14,1571954517225,24/10/2019 22:01:57,1571954517678,-6,24/10/2019 16:01:57,10365,2,questionnaire-mie5,,3244915,A3CENIDTHHT4R8,900113,,complete,rlrxxo,,computer,Desktop or Laptop,Windows 10,Chrome 77.0.3865.120,1600x1200,1600x1095,approve with $2.15 bonus,IPANAT SAMFE,1,words,English_Native,No_Psych,,l_pos,18+,,≥23,≥28,,≥33,,,,,,ACCEPT,,,,,≥38,≥43,≥48,≥53,≤57,,,,,,Responder,,,,,,,,,,,,,,,Continue,,,,,,,,,Orders 8 and 10,,,,,,,,,,,,order8,,order10,,,Continue,,Continue,EFDACB,Images loaded ok,approve with $2.15 bonus,tense,1 - doesn't fit at all
1,1571959419897,24/10/2019 23:23:39,1571959419636,-4,24/10/2019 19:23:39,10365,2,questionnaire-mie5,,3245118,A1H0HJE05U1WJZ,900152,,complete,dhefai,,computer,Desktop or Laptop,Windows 10,Chrome 78.0.3904.70,1600x900,1600x789,approve with $2.15 bonus,IPANAT SAMFE,1,words,English_Native,No_Psych,,l_pos,18+,,≥23,≥28,,≥33,,,,,,ACCEPT,,,,,≥38,≥43,≥48,≥53,≤57,,,,,,Responder,,,,,,,,,,,,,,,Continue,,,,,,,,,Orders 1 and 3,order1,,Continue,order1,,,,,,,,,,,,,,,Continue,FAEBDC,Images loaded ok,approve with $2.15 bonus,BEGIN QUESTIONNAIRE,
2,1571959436314,24/10/2019 23:23:56,1571959436139,-4,24/10/2019 19:23:56,10365,2,questionnaire-mie5,,3245118,A1H0HJE05U1WJZ,900152,,complete,dhefai,,computer,Desktop or Laptop,Windows 10,Chrome 78.0.3904.70,1600x900,1583x789,approve with $2.15 bonus,IPANAT SAMFE,1,words,English_Native,No_Psych,,l_pos,18+,,≥23,≥28,,≥33,,,,,,ACCEPT,,,,,≥38,≥43,≥48,≥53,≤57,,,,,,Responder,,,,,,,,,,,,,,,Continue,,,,,,,,,Orders 1 and 3,order1,,Continue,order1,,,,,,,,,,,,,,,Continue,FAEBDC,Images loaded ok,approve with $2.15 bonus,happy,1 - doesn't fit at all
3,1571959436454,24/10/2019 23:23:56,1571959436145,-4,24/10/2019 19:23:56,10365,2,questionnaire-mie5,,3245118,A1H0HJE05U1WJZ,900152,,complete,dhefai,,computer,Desktop or Laptop,Windows 10,Chrome 78.0.3904.70,1600x900,1583x789,approve with $2.15 bonus,IPANAT SAMFE,1,words,English_Native,No_Psych,,l_pos,18+,,≥23,≥28,,≥33,,,,,,ACCEPT,,,,,≥38,≥43,≥48,≥53,≤57,,,,,,Responder,,,,,,,,,,,,,,,Continue,,,,,,,,,Orders 1 and 3,order1,,Continue,order1,,,,,,,,,,,,,,,Continue,FAEBDC,Images loaded ok,approve with $2.15 bonus,happy-quantised,1
4,1571959436454,24/10/2019 23:23:56,1571959436145,-4,24/10/2019 19:23:56,10365,2,questionnaire-mie5,,3245118,A1H0HJE05U1WJZ,900152,,complete,dhefai,,computer,Desktop or Laptop,Windows 10,Chrome 78.0.3904.70,1600x900,1583x789,approve with $2.15 bonus,IPANAT SAMFE,1,words,English_Native,No_Psych,,l_pos,18+,,≥23,≥28,,≥33,,,,,,ACCEPT,,,,,≥38,≥43,≥48,≥53,≤57,,,,,,Responder,,,,,,,,,,,,,,,Continue,,,,,,,,,Orders 1 and 3,order1,,Continue,order1,,,,,,,,,,,,,,,Continue,FAEBDC,Images loaded ok,approve with $2.15 bonus,helpless,3 - fits quite well
5,1571959436454,24/10/2019 23:23:56,1571959436145,-4,24/10/2019 19:23:56,10365,2,questionnaire-mie5,,3245118,A1H0HJE05U1WJZ,900152,,complete,dhefai,,computer,Desktop or Laptop,Windows 10,Chrome 78.0.3904.70,1600x900,1583x789,approve with $2.15 bonus,IPANAT SAMFE,1,words,English_Native,No_Psych,,l_pos,18+,,≥23,≥28,,≥33,,,,,,ACCEPT,,,,,≥38,≥43,≥48,≥53,≤57,,,,,,Responder,,,,,,,,,,,,,,,Continue,,,,,,,,,Orders 1 and 3,order1,,Continue,order1,,,,,,,,,,,,,,,Continue,FAEBDC,Images loaded ok,approve with $2.15 bonus,helpless-quantised,3
6,1571959436454,24/10/2019 23:23:56,1571959436146,-4,24/10/2019 19:23:56,10365,2,questionnaire-mie5,,3245118,A1H0HJE05U1WJZ,900152,,complete,dhefai,,computer,Desktop or Laptop,Windows 10,Chrome 78.0.3904.70,1600x900,1583x789,approve with $2.15 bonus,IPANAT SAMFE,1,words,English_Native,No_Psych,,l_pos,18+,,≥23,≥28,,≥33,,,,,,ACCEPT,,,,,≥38,≥43,≥48,≥53,≤57,,,,,,Responder,,,,,,,,,,,,,,,Continue,,,,,,,,,Orders 1 and 3,order1,,Continue,order1,,,,,,,,,,,,,,,Continue,FAEBDC,Images loaded ok,approve with $2.15 bonus,energetic,2 - fits somewhat
7,1571959436454,24/10/2019 23:23:56,1571959436146,-4,24/10/2019 19:23:56,10365,2,questionnaire-mie5,,3245118,A1H0HJE05U1WJZ,900152,,complete,dhefai,,computer,Desktop or Laptop,Windows 10,Chrome 78.0.3904.70,1600x900,1583x789,approve with $2.15 bonus,IPANAT SAMFE,1,words,English_Native,No_Psych,,l_pos,18+,,≥23,≥28,,≥33,,,,,,ACCEPT,,,,,≥38,≥43,≥48,≥53,≤57,,,,,,Responder,,,,,,,,,,,,,,,Continue,,,,,,,,,Orders 1 and 3,order1,,Continue,order1,,,,,,,,,,,,,,,Continue,FAEBDC,Images loaded ok,approve with $2.15 bonus,energetic-quantised,2
8,1571959436454,24/10/2019 23:23:56,1571959436146,-4,24/10/2019 19:23:56,10365,2,questionnaire-mie5,,3245118,A1H0HJE05U1WJZ,900152,,complete,dhefai,,computer,Desktop or Laptop,Windows 10,Chrome 78.0.3904.70,1600x900,1583x789,approve with $2.15 bonus,IPANAT SAMFE,1,words,English_Native,No_Psych,,l_pos,18+,,≥23,≥28,,≥33,,,,,,ACCEPT,,,,,≥38,≥43,≥48,≥53,≤57,,,,,,Responder,,,,,,,,,,,,,,,Continue,,,,,,,,,Orders 1 and 3,order1,,Continue,order1,,,,,,,,,,,,,,,Continue,FAEBDC,Images loaded ok,approve with $2.15 bonus,tense,3 - fits quite well
9,1571959436454,24/10/2019 23:23:56,1571959436147,-4,24/10/2019 19:23:56,10365,2,questionnaire-mie5,,3245118,A1H0HJE05U1WJZ,900152,,complete,dhefai,,computer,Desktop or Laptop,Windows 10,Chrome 78.0.3904.70,1600x900,1583x789,approve with $2.15 bonus,IPANAT SAMFE,1,words,English_Native,No_Psych,,l_pos,18+,,≥23,≥28,,≥33,,,,,,ACCEPT,,,,,≥38,≥43,≥48,≥53,≤57,,,,,,Responder,,,,,,,,,,,,,,,Continue,,,,,,,,,Orders 1 and 3,order1,,Continue,order1,,,,,,,,,,,,,,,Continue,FAEBDC,Images loaded ok,approve with $2.15 bonus,tense-quantised,3
10,1571959436454,24/10/2019 23:23:56,1571959436147,-4,24/10/2019 19:23:56,10365,2,questionnaire-mie5,,3245118,A1H0HJE05U1WJZ,900152,,complete,dhefai,,computer,Desktop or Laptop,Windows 10,Chrome 78.0.3904.70,1600x900,1583x789,approve with $2.15 bonus,IPANAT SAMFE,1,words,English_Native,No_Psych,,l_pos,18+,,≥23,≥28,,≥33,,,,,,ACCEPT,,,,,≥38,≥43,≥48,≥53,≤57,,,,,,Responder,,,,,,,,,,,,,,,Continue,,,,,,,,,Orders 1 and 3,order1,,Continue,order1,,,,,,,,,,,,,,,Continue,FAEBDC,Images loaded ok,approve with $2.15 bonus,cheerful,2 - fits somewhat
11,1571959436454,24/10/2019 23:23:56,1571959436148,-4,24/10/2019 19:23:56,10365,2,questionnaire-mie5,,3245118,A1H0HJE05U1WJZ,900152,,complete,dhefai,,computer,Desktop or Laptop,Windows 10,Chrome 78.0.3904.70,1600x900,1583x789,approve with $2.15 bonus,IPANAT SAMFE,1,words,English_Native,No_Psych,,l_pos,18+,,≥23,≥28,,≥33,,,,,,ACCEPT,,,,,≥38,≥43,≥48,≥53,≤57,,,,,,Responder,,,,,,,,,,,,,,,Continue,,,,,,,,,Orders 1 and 3,order1,,Continue,order1,,,,,,,,,,,,,,,Continue,FAEBDC,Images loaded ok,approve with $2.15 bonus,cheerful-quantised,2
12,1571959436454,24/10/2019 23:23:56,1571959436148,-4,24/10/2019 19:23:56,10365,2,questionnaire-mie5,,3245118,A1H0HJE05U1WJZ,900152,,complete,dhefai,,computer,Desktop or Laptop,Windows 10,Chrome 78.0.3904.70,1600x900,1583x789,approve with $2.15 bonus,IPANAT SAMFE,1,words,English_Native,No_Psych,,l_pos,18+,,≥23,≥28,,≥33,,,,,,ACCEPT,,,,,≥38,≥43,≥48,≥53,≤57,,,,,,Responder,,,,,,,,,,,,,,,Continue,,,,,,,,,Orders 1 and 3,order1,,Continue,order1,,,,,,,,,,,,,,,Continue,FAEBDC,Images loaded ok,approve with $2.15 bonus,inhibited,2 - fits somewhat
13,1571959436454,24/10/2019 23:23:56,1571959436148,-4,24/10/2019 19:23:56,10365,2,questionnaire-mie5,,3245118,A1H0HJE05U1WJZ,900152,,complete,dhefai,,computer,Desktop or Laptop,Windows 10,Chrome 78.0.3904.70,1600x900,1583x789,approve with $2.15 bonus,IPANAT SAMFE,1,words,English_Native,No_Psych,,l_pos,18+,,≥23,≥28,,≥33,,,,,,ACCEPT,,,,,≥38,≥43,≥48,≥53,≤57,,,,,,Responder,,,,,,,,,,,,,,,Continue,,,,,,,,,Orders 1 and 3,order1,,Continue,order1,,,,,,,,,,,,,,,Continue,FAEBDC,Images loaded ok,approve with $2.15 bonus,inhibited-quantised,2
14,1571959436454,24/10/2019 23:23:56,1571959436149,-4,24/10/2019 19:23:56,10365,2,questionnaire-mie5,,3245118,A1H0HJE05U1WJZ,900152,,complete,dhefai,,computer,Desktop or Laptop,Windows 10,Chrome 78.0.3904.70,1600x900,1583x789,approve with $2.15 bonus,IPANAT SAMFE,1,words,English_Native,No_Psych,,l_pos,18+,,≥23,≥28,,≥33,,,,,,ACCEPT,,,,,≥38,≥43,≥48,≥53,≤57,,,,,,Responder,,,,,,,,,,,,,,,Continue,,,,,,,,,Orders 1 and 3,order1,,Continue,order1,,,,,,,,,,,,,,,Continue,FAEBDC,Images loaded ok,approve with $2.15 bonus,END QUESTIONNAIRE,16513
END OF FILE
